mon 00 157 45 168 192 120 52 57 53 121 152 178 86 81 71 74 62 108 34 50 109 98 83 50 133 105 44 62 0 0 0 158 0 12 4 0 62 56 76 28 28 222 329 212 56 25 36 38 120 171 116 124 125 127 148 110 93 22 116 162 2 146 0 82 11 17 12 7 100 64 66 81 1 46 5 130 12 138 6 122 62 56 85 41 19 2 6 40 41 40 9 37 26 31 21 30 32 28 23 8 69 74 41 48 41 2 146 70 89 44 60 65 73 93 108 101 96 70 54 51 48 93 111 107 0 38 33 33 41 57 35 21 37 45 33 41 16 254 52 71 39 45 130 45 81 20 12 26 31 81 94 78 77 66 68 88 0 40 41 83 169 33 0 459 28 2 0 3 2 13 7 10 11 12 11 22 12 23 19 15 45 83 54 75 86 105 157 0 0 96 89 55 52 30 35 0 27 4 41 0 0 0 18 45 50 24 26 11 9 2 124 2 4 11
mon 01 0 8 3 2 3 2 1 2 3 2 0 2 2 1 1 1 4 2 0 3 2 1 2 0 8 2 3 0 0 0 4 0 0 0 0 1 0 0 0 0 5 3 0 0 0 0 0 1 2 2 5 3 2 3 2 1 0 2 4 0 2 0 4 0 0 0 0 0 0 0 0 0 0 0 0 0 0 0 0 1 0 2 2 3 0 0 3 1 2 1 0 0 0 0 3 6 0 0 0 1 2 4 2 2 0 6 1 0 0 0 1 1 2 6 0 0 0 0 5 7 0 0 0 0 0 0 0 0 0 0 1 1 1 1 1 1 0 2 1 1 2 0 0 3 1 0 0 0 0 0 0 0 0 0 0 0 6 8 8 0 0 0 182 4 0 0 0 0 4 2 4 4 6 4 1 0 2 2 1 3 0 0 0 0 0 0 0 0 0 0 0 0 0 0 0 0 1 2 0 0 0 2 0 0 0 1 2 2 0 7 0 0 5
mon 02 12 0 8 9 7 4 3 4 8 8 9 0 0 0 0 0 7 0 0 6 3 0 0 9 3 2 2 0 0 0 4 0 0 0 0 4 3 16 3 0 18 57 10 6 4 4 4 8 9 16 24 10 11 13 9 7 0 5 11 0 11 0 10 1 0 2 0 18 10 4 7 0 0 0 0 0 8 0 6 0 6 9 2 0 0 0 1 0 0 0 0 3 6 3 2 0 4 4 0 2 1 8 4 5 0 26 12 2 0 3 6 9 9 23 6 4 3 2 7 0 4 5 3 0 0 0 0 0 0 0 4 4 1 2 2 1 15 7 2 5 17 0 0 4 0 0 2 2 0 2 2 1 2 2 4 0 0 0 7 9 2 0 225 8 0 0 0 0 2 1 2 3 4 3 0 0 0 0 0 3 6 4 5 6 6 7 0 0 0 0 0 0 0 0 0 0 0 0 0 0 0 0 8 0 0 0 0 0 0 21 0 0 4
mon 03 15 3 28 26 20 12 12 13 10 7 10 0 0 0 0 0 8 0 5 7 32 24 11 10 15 6 15 0 0 0 0 0 3 0 0 7 3 35 9 3 40 71 35 5 6 6 6 21 23 29 38 26 27 24 24 19 0 28 26 0 26 0 14 1 0 1 1 30 11 6 7 0 0 0 0 0 15 0 9 8 17 11 7 3 0 0 3 3 4 0 3 5 6 4 8 3 5 5 0 8 6 10 6 11 0 14 6 7 7 7 0 5 9 12 10 10 9 10 13 3 6 11 8 0 0 0 0 0 0 0 0 0 0 0 0 0 0 0 0 0 0 18 6 12 5 0 30 23 17 11 16 11 15 13 12 0 4 2 15 10 0 0 162 8 0 0 0 0 0 0 0 0 0 31 34 0 8 7 2 8 5 2 2 4 4 5 0 0 0 1 2 1 0 0 0 0 1 9 0 0 0 6 2 0 0 0 0 0 0 13 0 0 0
mon 04 30 4 42 32 32 26 28 51 14 15 8 9 8 6 8 7 22 5 4 14 92 64 36 6 53 9 15 0 0 2 18 0 3 0 0 5 10 13 3 5 26 35 3 12 11 10 11 27 32 35 54 31 29 35 27 22 0 23 20 0 29 0 6 0 1 3 0 19 11 12 14 0 0 0 0 0 25 0 24 9 4 3 0 0 0 1 0 0 0 0 4 0 10 0 0 0 9 7 0 1 1 5 3 4 0 1 1 6 2 1 1 3 4 7 8 7 3 2 7 0 10 8 10 0 3 11 8 7 3 4 4 4 1 1 1 1 0 1 1 2 1 4 4 5 0 0 0 0 4 4 4 3 4 3 4 0 0 0 8 0 1 0 51 14 1 0 1 0 3 2 3 7 9 13 4 1 2 2 2 6 6 2 7 8 9 32 0 0 153 23 0 15 2 0 0 0 6 11 0 0 0 5 2 0 1 0 0 0 0 4 0 1 5
mon 05 40 2 25 21 23 18 18 17 32 23 10 1 2 1 2 1 30 1 0 27 92 138 45 9 32 20 27 0 0 0 32 0 3 0 0 12 7 9 0 1 36 49 17 13 10 13 11 17 21 24 23 23 26 27 21 20 0 14 27 0 24 0 18 2 0 3 0 9 9 9 12 0 0 0 0 0 33 0 32 11 8 17 4 0 0 2 0 0 0 0 1 1 10 0 0 0 10 7 0 8 9 9 8 9 0 12 10 13 12 5 8 15 17 14 2 1 6 8 7 0 2 2 2 0 4 4 8 8 8 2 5 3 8 6 7 5 0 6 7 6 6 6 10 11 0 0 0 1 4 4 4 4 6 3 7 0 0 0 7 8 0 0 112 16 0 0 1 1 0 0 2 2 2 2 10 1 13 12 9 10 6 0 8 8 10 53 0 0 122 4 0 0 0 0 0 0 0 2 0 0 0 0 0 0 0 2 4 4 1 15 1 0 1
mon 06 6 3 7 8 6 4 4 5 2 2 2 6 6 4 5 5 7 5 0 2 9 7 4 2 5 0 0 0 0 0 0 0 0 0 0 5 0 4 0 0 3 4 0 1 2 1 1 4 5 7 9 9 7 6 5 5 0 1 5 0 7 0 4 0 0 0 0 5 4 2 3 0 0 0 0 0 8 0 7 18 3 7 3 0 3 4 0 0 0 0 0 0 1 0 0 0 1 1 0 3 3 5 3 2 0 6 5 3 4 8 5 11 11 44 8 5 7 5 7 4 6 7 8 0 0 0 0 0 0 0 0 0 6 5 5 3 0 4 5 5 5 0 0 6 0 0 0 0 0 0 0 0 0 0 7 0 0 1 8 0 0 0 31 2 0 0 0 0 0 0 0 0 0 0 0 0 0 0 0 6 4 0 3 5 6 15 0 0 11 0 0 0 0 0 0 0 0 0 0 0 0 0 0 0 0 0 0 0 0 17 0 0 0
mon 07 0 2 11 8 6 5 4 4 2 5 6 0 0 0 0 0 1 0 0 1 7 8 12 4 15 6 7 0 0 0 6 3 0 0 0 10 1 1 0 0 16 33 0 2 2 2 2 7 9 10 8 3 3 3 2 3 0 4 17 0 2 0 16 1 0 0 0 1 1 1 1 0 0 0 0 0 0 0 0 16 7 16 2 0 2 0 2 0 0 0 0 0 1 0 0 0 1 1 0 8 7 6 7 7 0 9 5 4 4 6 0 6 6 6 0 0 7 8 9 2 0 0 0 0 0 0 0 0 0 0 0 0 0 0 0 0 0 0 0 0 0 9 9 12 0 0 0 1 6 8 6 7 7 6 8 0 2 2 7 0 0 0 63 3 0 0 1 0 0 0 0 0 0 3 1 1 0 0 0 0 0 0 0 0 0 0 0 0 0 0 0 0 0 0 0 0 0 0 0 0 0 0 0 0 0 0 0 0 0 7 0 0 0
mon 08 0 0 0 0 0 0 0 0 0 0 0 0 0 0 0 0 0 0 0 0 0 0 0 0 0 0 0 0 0 0 0 0 0 0 0 10 0 0 0 0 14 20 0 0 0 0 0 0 0 0 2 3 3 4 3 2 0 4 13 0 4 0 20 1 0 2 0 0 0 0 0 0 0 0 0 0 0 0 0 4 5 8 3 0 0 0 0 0 0 0 0 0 0 0 0 0 0 0 0 10 10 2 14 4 0 19 12 9 11 12 0 8 14 13 0 0 21 14 4 0 0 0 0 0 2 0 0 0 0 0 0 0 0 0 0 0 0 0 0 0 0 21 23 15 0 0 0 1 17 22 18 17 21 15 17 0 0 0 4 0 0 0 0 0 0 0 0 0 0 0 0 0 0 0 0 0 0 0 0 0 0 0 0 0 0 0 0 0 0 0 0 0 0 0 0 0 0 0 0 0 0 0 0 0 0 0 0 0 0 18 0 0 0
mon 09 0 0 15 13 12 3 3 3 0 9 13 0 0 0 0 0 0 0 0 0 4 3 0 6 0 0 0 0 0 0 0 0 0 0 0 3 0 0 7 0 4 27 7 0 0 0 0 10 11 13 11 2 2 3 1 1 0 1 2 0 2 0 4 1 0 0 0 0 0 0 0 0 0 0 0 0 0 0 0 2 6 3 0 0 0 0 0 0 0 0 0 0 0 0 0 0 0 0 0 4 3 2 2 0 0 7 6 3 3 5 0 3 4 4 0 0 4 6 3 0 0 0 0 0 4 0 0 0 0 0 0 0 0 0 0 0 0 0 0 0 0 4 10 2 0 0 0 0 5 6 5 5 6 4 5 0 0 0 2 0 2 0 0 0 0 0 0 0 0 0 0 0 0 0 0 0 0 0 0 0 0 0 0 0 0 0 0 0 0 0 0 0 0 0 0 0 0 0 0 0 0 0 0 0 0 0 0 0 0 6 0 0 0
mon 10 0 0 0 0 0 0 0 0 0 0 0 0 0 0 0 0 0 0 0 0 0 0 0 0 0 0 0 0 0 0 0 0 0 0 0 0 0 0 0 0 0 0 0 0 0 0 0 0 0 0 0 0 0 0 0 0 0 0 0 0 0 0 0 0 0 0 0 0 0 0 0 0 0 0 0 0 0 0 0 3 6 0 2 0 0 0 0 0 0 0 0 0 0 0 0 0 0 0 0 0 0 2 1 1 0 0 0 0 0 0 0 0 0 0 0 0 0 0 2 0 0 0 0 0 0 0 0 0 0 0 0 0 0 0 0 0 0 0 0 0 0 0 0 0 0 0 0 0 0 0 0 0 0 0 0 0 0 0 3 0 0 0 0 0 0 0 0 0 0 0 0 0 0 0 0 0 0 0 0 0 0 0 0 0 0 0 0 0 0 0 0 0 0 0 0 0 0 0 0 0 0 0 0 0 0 0 0 0 0 0 0 0 0
mon 11 0 0 0 0 0 0 0 0 0 0 0 0 0 0 0 0 0 0 0 0 0 0 0 0 0 0 0 0 0 0 0 0 0 0 0 0 0 0 0 0 0 0 0 0 0 0 0 0 0 0 0 0 0 0 0 0 0 0 0 0 0 0 0 0 0 0 0 0 0 0 0 0 0 0 0 0 0 0 0 0 0 0 0 0 0 0 3 0 0 0 0 0 0 0 0 0 0 0 0 0 0 0 0 0 0 0 0 0 0 0 0 0 0 0 0 0 0 0 0 0 0 0 0 0 0 0 0 0 0 0 0 0 0 0 0 0 0 0 0 0 0 0 0 0 0 0 0 0 0 0 0 0 0 0 0 0 0 0 0 0 0 0 0 0 0 0 0 0 0 0 0 0 0 0 0 0 0 0 0 0 0 0 0 0 0 0 0 0 0 0 0 0 0 0 0 0 0 0 0 0 0 0 0 0 0 0 0 0 0 0 0 0 0
mon 12 0 0 0 0 0 0 0 0 0 0 0 0 0 0 0 0 0 0 0 0 0 0 0 0 0 0 0 0 0 0 0 0 0 0 0 0 0 0 0 0 0 0 0 0 0 0 0 0 0 0 0 0 0 0 0 0 0 0 0 0 0 0 0 0 0 0 0 0 0 0 0 0 0 0 0 0 0 0 0 0 0 0 0 0 0 0 0 0 0 0 0 0 0 0 0 0 0 0 0 0 0 0 0 0 0 0 0 0 0 0 0 0 0 0 0 0 0 0 0 0 0 0 0 0 0 0 0 0 0 0 0 0 0 0 0 0 0 0 0 0 0 0 0 0 0 0 0 0 0 0 0 0 0 0 0 0 0 0 0 0 0 0 0 0 0 0 0 0 0 0 0 0 0 0 0 0 0 0 0 0 0 0 0 0 0 0 0 0 0 0 0 0 0 0 0 0 0 0 0 0 0 0 0 0 0 0 0 0 0 0 0 0 0
mon 13 0 0 0 0 0 0 0 0 0 0 0 0 0 0 0 0 0 0 0 0 0 0 0 0 0 0 0 0 0 0 0 0 0 0 0 0 0 0 0 0 0 0 0 0 0 0 0 0 0 0 0 0 0 0 0 0 0 0 0 0 0 0 0 0 0 0 0 0 0 0 0 0 0 0 0 0 0 0 0 0 0 0 0 0 0 0 0 0 0 0 0 0 0 0 0 0 0 0 0 0 0 0 0 0 0 0 0 0 0 0 0 0 0 0 0 0 0 0 0 0 0 0 0 0 0 0 0 0 0 0 0 0 0 0 0 0 0 0 0 0 0 0 0 0 0 0 0 0 0 0 0 0 0 0 0 0 0 0 0 0 0 0 0 0 0 0 0 0 0 0 0 0 0 0 0 0 0 0 0 0 0 0 0 0 0 0 0 0 0 0 0 0 0 0 0 0 0 0 0 0 0 0 0 0 0 0 0 0 0 0 0 0 0
mon 14 0 0 0 0 0 0 0 0 0 0 0 0 0 0 0 0 0 0 0 0 0 0 0 0 0 0 0 0 0 0 0 0 0 0 0 0 0 0 0 0 0 0 0 0 0 0 0 0 0 0 0 0 0 0 0 0 0 0 0 0 0 0 0 0 0 0 0 0 0 0 0 0 0 0 0 0 0 0 0 0 0 0 0 0 0 0 2 0 0 0 0 0 0 0 0 0 0 0 0 0 0 0 0 0 0 0 0 0 0 0 0 0 0 0 0 0 0 0 0 0 0 0 0 0 0 0 0 0 0 0 0 0 0 0 0 0 0 0 0 0 0 0 0 0 0 0 0 0 0 0 0 0 0 0 0 0 0 0 0 0 0 0 0 0 0 0 0 0 0 0 0 0 0 0 0 0 0 0 0 0 0 0 0 0 0 0 0 0 0 0 0 0 0 0 0 0 0 0 0 0 0 0 0 0 0 0 0 0 0 0 0 0 0
mon 15 0 0 0 0 0 0 0 0 0 0 0 0 0 0 0 0 0 0 0 0 0 0 0 0 0 0 0 0 0 0 0 0 0 0 0 0 0 0 0 0 0 0 0 0 0 0 0 0 0 0 0 0 0 0 0 0 0 0 0 0 0 0 0 0 0 0 0 0 0 0 0 0 0 0 0 0 0 0 0 0 0 0 0 0 0 0 0 0 0 0 0 0 0 0 0 0 0 0 0 0 0 0 0 0 0 0 0 0 0 0 0 0 0 0 0 0 0 0 0 0 0 0 0 0 0 0 0 0 0 0 0 0 0 0 0 0 0 0 0 0 0 0 0 0 0 0 0 0 0 0 0 0 0 0 0 0 0 0 0 0 0 0 0 0 0 0 0 0 0 0 0 0 0 0 0 0 0 0 0 0 0 0 0 0 0 0 0 0 0 0 0 0 0 0 0 0 0 0 0 0 0 0 0 0 0 0 0 0 0 0 0 0 0
mon 16 0 0 0 0 0 0 0 0 0 0 0 0 0 0 0 0 0 0 0 0 0 0 0 0 0 0 0 0 0 0 0 0 0 0 0 0 0 0 0 0 0 0 0 0 0 0 0 0 0 0 0 0 0 0 0 0 0 0 0 0 0 0 0 0 0 0 0 0 0 0 0 0 0 0 0 0 0 0 0 0 0 0 0 0 0 0 0 0 0 0 0 0 0 0 0 0 0 0 0 0 0 0 0 0 0 0 0 0 0 0 0 0 0 0 0 0 0 0 0 0 0 0 0 0 0 0 0 0 0 0 0 0 0 0 0 0 0 0 0 0 0 0 0 0 0 0 0 0 0 0 0 0 0 0 0 0 0 0 0 0 0 0 0 0 0 0 0 0 0 0 0 0 0 0 0 0 0 0 0 0 0 0 0 0 0 0 0 0 0 0 0 0 0 0 0 0 0 0 0 0 0 0 0 0 0 0 0 0 0 0 0 0 0
mon 17 0 0 2 2 2 2 2 0 0 0 0 0 0 0 0 0 0 0 0 0 0 0 0 0 0 0 0 0 0 0 0 0 0 0 0 2 1 6 0 0 4 12 7 7 7 6 12 1 2 1 2 2 2 2 1 1 0 1 4 0 1 0 4 1 0 0 0 6 5 6 5 0 0 0 0 0 0 0 0 7 6 1 4 16 0 0 6 5 6 4 0 14 6 11 21 6 5 4 0 4 5 0 4 0 0 7 5 5 3 0 0 0 0 0 0 0 0 0 0 0 0 0 0 0 0 0 0 0 0 0 0 0 0 0 0 0 0 0 0 0 0 0 0 5 8 0 0 0 0 0 0 0 0 0 0 0 0 0 0 13 0 0 3 1 0 0 0 0 0 0 0 0 0 0 0 0 0 0 0 0 0 0 0 0 0 0 0 0 0 0 0 0 0 0 0 0 0 0 0 0 0 0 0 0 0 0 0 0 0 3 0 0 0
mon 18 44 9 83 77 65 40 25 20 37 34 44 8 9 7 5 11 34 14 8 31 57 62 55 45 44 25 25 0 0 0 28 0 0 0 0 51 10 35 42 4 185 639 174 25 19 22 22 56 76 61 61 71 75 78 65 51 0 58 109 0 71 0 62 15 0 9 0 32 17 20 23 0 4 0 0 0 36 3 37 24 32 66 19 18 0 1 11 14 14 5 5 20 17 19 28 9 19 28 1 39 39 18 32 11 0 59 44 52 28 9 44 30 41 36 23 17 10 11 19 3 16 18 21 0 18 18 17 21 31 19 34 28 49 42 37 22 2 37 46 35 37 40 18 69 17 0 0 0 12 10 8 8 9 9 15 0 7 7 23 144 6 0 24 3 0 0 0 0 0 0 0 0 0 0 0 0 0 0 0 11 10 5 11 15 17 45 0 0 40 28 0 17 9 13 0 13 1 6 0 0 0 6 4 2 2 2 0 2 0 53 0 0 0
mon 19 160 33 159 175 128 81 50 74 135 129 149 8 10 10 12 16 102 17 33 114 87 51 49 125 57 40 49 0 0 0 43 0 6 12 0 106 33 88 20 18 212 614 142 48 41 46 38 118 152 149 193 152 155 161 138 122 4 193 164 0 191 0 165 109 1 30 24 87 42 43 51 2 15 1 0 0 159 1 108 17 40 77 32 27 0 11 17 18 23 8 15 27 46 29 33 18 42 37 2 40 43 39 39 30 0 90 50 54 29 90 111 53 57 53 84 71 100 112 40 21 50 73 69 0 35 29 29 20 39 24 35 24 38 31 27 13 34 39 47 26 35 57 42 67 21 2 1 4 41 54 45 56 56 62 126 0 22 27 57 55 0 0 440 71 2 0 5 12 2 6 5 4 7 6 7 7 6 6 5 29 38 31 31 43 63 134 0 0 149 94 30 57 24 40 0 43 5 37 0 0 0 23 32 31 12 15 7 24 4 76 18 2 3
mon 20 189 76 242 264 184 85 74 108 199 211 222 79 66 56 53 41 164 36 46 179 144 112 149 189 160 49 57 2 0 3 128 0 17 67 0 110 130 147 21 43 305 495 234 144 78 76 71 165 224 185 183 181 198 212 165 142 0 158 236 4 184 0 213 25 11 7 11 150 89 78 100 0 87 19 154 16 171 21 147 23 28 64 18 24 1 5 14 15 14 4 37 51 68 63 154 97 72 44 2 51 42 47 43 53 2 77 48 32 32 56 73 60 66 83 102 99 75 81 59 46 69 88 113 0 26 19 26 27 70 39 39 45 53 27 29 21 68 68 41 48 57 78 37 74 13 5 5 5 34 52 48 54 55 65 105 0 47 53 87 248 4 0 513 55 7 0 5 6 7 6 6 7 14 10 14 11 8 10 8 140 120 62 152 131 134 237 0 0 296 173 138 119 42 58 0 66 22 93 0 0 0 57 64 62 22 34 26 18 5 76 33 2 6
mon 21 340 108 318 326 233 87 83 114 256 301 293 38 49 30 63 58 232 61 137 242 147 98 77 251 75 41 55 0 0 13 59 0 37 223 0 169 132 213 32 87 423 831 426 91 74 72 75 230 317 293 270 278 300 312 251 232 10 278 392 27 325 0 254 36 28 18 0 236 168 137 187 1 262 12 68 133 359 437 523 95 82 178 34 44 0 11 37 26 37 10 72 42 58 37 37 20 73 47 12 76 84 113 56 94 0 188 61 107 57 92 150 97 127 131 233 235 126 93 140 67 234 371 305 0 49 51 54 62 80 55 66 73 115 82 80 53 108 125 133 80 124 94 76 172 43 53 53 49 97 166 139 145 161 173 155 0 61 76 207 235 29 0 1299 278 11 0 14 38 18 40 41 49 76 42 62 42 36 49 64 194 223 131 208 226 267 470 0 0 284 191 120 117 59 70 0 64 29 157 0 0 0 50 151 114 87 100 60 51 10 146 44 12 32
mon 22 306 117 276 291 259 141 94 109 251 239 249 49 91 77 117 110 235 102 80 235 177 98 74 229 97 65 78 43 0 0 145 0 15 40 0 148 96 277 23 36 399 1024 220 74 57 59 66 206 261 260 236 252 278 305 242 202 0 232 377 5 279 0 236 26 16 18 3 282 164 122 128 1 360 12 33 54 237 48 363 106 153 221 48 25 17 31 14 16 16 5 47 59 89 121 69 12 59 33 18 89 100 117 76 113 0 286 72 86 65 112 129 123 144 159 143 122 119 121 142 80 225 202 166 0 23 16 17 36 67 50 48 48 74 61 84 42 104 89 133 72 78 41 36 181 18 227 38 22 44 72 63 74 66 73 163 0 80 97 201 99 9 0 971 256 42 0 16 15 17 29 88 28 46 35 48 39 28 23 62 206 213 80 198 201 238 463 0 0 341 208 107 151 80 70 0 56 71 144 0 1 0 90 84 83 51 60 53 23 7 197 21 8 49
mon 23 265 84 345 354 299 148 173 150 245 234 277 87 85 90 90 80 212 87 91 209 242 143 112 258 154 54 86 0 0 0 118 0 17 19 0 203 160 235 73 57 679 1229 472 146 92 93 100 247 288 320 322 338 360 385 310 277 8 292 507 32 396 0 305 52 15 42 3 264 174 164 188 6 214 33 186 74 231 7 206 118 186 214 112 45 2 30 39 39 33 23 60 109 135 117 88 45 121 76 21 126 110 118 99 89 4 220 81 122 83 88 89 119 125 146 105 101 93 85 143 81 114 110 107 0 47 46 50 107 197 85 93 96 114 70 73 23 217 73 99 51 67 156 75 202 33 114 14 14 63 70 62 70 83 77 126 0 63 73 198 266 75 0 834 86 19 0 2 9 24 19 17 26 48 37 67 47 48 47 40 136 186 127 185 189 226 439 0 0 198 170 130 103 60 40 0 38 35 107 0 6 0 63 139 143 76 95 71 61 14 165 11 13 17
tue 00 350 135 331 346 269 172 223 123 262 308 317 79 121 143 131 98 265 90 82 253 230 193 148 268 187 107 149 1 247 1 224 105 12 8 0 198 104 195 168 65 459 838 461 97 65 63 63 251 283 248 276 273 275 329 256 218 12 227 377 18 316 0 343 44 16 50 1 240 161 126 152 3 182 18 97 72 285 17 289 89 120 160 43 40 2 12 17 25 23 14 53 38 54 32 25 15 78 37 50 84 81 136 68 131 10 181 86 98 64 132 182 126 128 147 208 189 141 106 141 94 166 202 232 0 54 73 50 53 80 53 46 53 74 57 50 26 62 124 92 67 79 116 92 222 31 14 84 30 115 130 124 126 141 151 161 0 91 101 190 305 12 0 939 75 11 0 10 22 50 53 49 75 108 59 105 75 67 59 54 179 248 188 244 257 304 470 0 0 339 287 157 159 67 65 0 60 47 107 0 0 1 50 192 204 113 212 228 114 62 171 61 6 67
tue 01 189 103 162 198 153 56 42 23 158 193 180 47 95 60 45 42 147 49 43 141 47 36 40 167 78 22 53 0 5 73 22 22 16 0 0 61 78 85 28 44 241 433 219 41 34 38 35 108 127 134 138 147 148 160 132 101 2 129 172 1 181 0 91 7 19 2 0 95 63 58 78 1 308 15 59 14 168 0 113 36 81 77 31 4 0 8 9 3 4 1 36 20 41 16 22 3 42 25 4 39 33 53 34 52 2 97 63 51 30 44 80 70 75 115 91 74 50 53 56 51 70 80 83 0 24 25 19 20 67 41 43 44 44 36 45 16 19 53 61 63 60 81 43 75 3 4 6 13 47 58 47 53 67 55 68 0 36 46 82 80 9 0 431 64 5 0 4 10 18 19 7 25 8 5 9 10 8 10 7 33 75 56 97 81 90 407 0 0 69 63 41 47 26 18 0 17 21 35 0 0 1 17 65 64 25 28 36 21 3 102 7 0 10
tue 02 227 121 264 289 187 92 61 57 220 245 260 49 107 90 83 79 198 63 105 197 107 85 76 213 94 93 72 2 214 23 145 12 21 2 0 106 82 110 31 74 310 621 263 97 62 59 65 189 246 213 225 216 232 269 214 177 134 247 280 31 343 0 136 43 29 34 34 140 111 102 109 2 152 4 69 24 210 2 205 89 116 144 58 17 4 8 15 12 14 4 75 32 52 36 26 17 50 30 22 63 55 102 44 81 4 115 59 52 44 99 136 99 98 124 171 161 111 88 140 73 143 171 183 0 79 85 61 114 82 54 76 66 74 73 74 21 84 80 81 65 76 100 98 108 15 14 9 16 116 146 114 132 134 179 142 0 60 70 173 118 10 0 750 68 16 0 14 6 11 13 13 17 23 19 30 23 19 19 18 82 197 165 206 214 263 470 0 0 231 222 173 117 56 64 0 42 42 79 0 0 1 37 188 230 64 68 102 29 8 122 7 5 12
tue 03 212 77 204 216 195 90 71 111 154 169 201 75 96 81 94 104 165 85 161 161 124 112 59 173 132 28 63 0 88 0 43 12 36 0 0 106 75 114 25 86 269 437 287 147 97 109 104 153 193 188 213 195 192 214 165 145 0 168 243 0 200 0 194 33 34 20 1 154 107 103 123 5 45 4 0 6 191 3 219 120 157 219 84 22 2 49 37 33 36 13 77 48 115 37 61 28 95 72 78 114 65 117 59 111 3 149 91 72 42 92 160 91 125 121 134 122 87 77 138 63 121 148 167 0 93 81 43 75 168 87 61 56 72 52 62 22 49 70 74 54 70 135 213 199 22 20 73 40 114 110 94 117 127 140 110 0 64 77 169 93 0 0 867 253 14 0 11 3 14 20 15 37 34 28 46 29 39 38 33 147 232 155 197 202 237 341 0 0 230 192 240 165 63 76 0 81 55 127 0 0 0 43 183 157 65 69 104 28 10 129 15 7 18
tue 04 141 75 90 100 74 45 32 44 90 94 102 38 51 54 58 39 88 41 65 69 117 92 52 77 117 36 122 0 0 1 35 0 30 1 0 67 22 64 15 53 139 345 131 59 22 22 25 104 88 87 100 89 94 92 74 55 0 57 135 4 85 0 69 10 16 16 0 134 70 44 56 0 0 0 0 0 109 20 126 155 203 118 102 25 68 94 31 31 45 8 44 34 30 32 338 40 25 14 10 66 69 102 57 63 2 140 74 58 46 40 51 61 62 81 58 55 43 40 124 125 78 78 68 0 10 12 10 14 37 27 22 21 44 51 54 13 57 39 62 56 45 70 25 105 42 0 61 53 58 40 32 62 58 48 57 0 48 52 231 61 1 0 42 20 5 0 11 4 14 18 11 20 32 49 67 31 45 12 10 60 133 100 137 108 139 149 0 0 73 65 116 60 36 31 0 33 27 69 0 0 0 23 113 115 32 50 74 11 4 103 7 1 15
tue 05 76 30 80 83 76 39 28 28 65 77 77 38 61 47 35 40 63 48 38 59 44 25 41 59 88 23 40 2 7 0 36 5 22 17 0 27 23 40 30 32 97 116 42 31 18 17 17 54 76 81 83 59 60 67 52 48 7 58 81 9 83 0 48 17 2 10 3 55 53 46 38 0 0 0 0 0 54 17 74 62 90 63 62 29 24 68 22 15 28 10 28 20 23 21 32 18 27 13 8 69 56 56 41 48 1 62 51 28 46 18 50 43 45 50 40 43 21 13 60 66 38 57 52 0 31 41 31 38 60 36 55 36 43 30 26 9 0 28 39 33 30 28 31 47 19 0 21 12 29 34 25 42 38 45 22 0 62 55 111 15 0 0 35 17 8 0 10 0 15 15 13 14 20 27 35 31 23 21 16 47 90 75 97 92 109 108 0 0 32 29 14 11 4 8 0 8 2 33 0 0 0 39 79 65 37 43 57 2 2 69 2 1 15
tue 06 34 10 44 50 39 21 27 24 19 31 42 23 20 17 15 16 27 13 19 23 19 23 20 33 44 9 18 2 3 5 21 3 13 7 0 35 17 23 0 15 55 126 13 23 12 13 16 34 47 54 62 37 33 25 28 23 6 28 55 4 34 0 43 13 2 6 0 28 16 18 27 1 1 0 0 0 31 12 36 24 46 27 24 5 5 1 8 14 14 10 11 20 19 15 23 9 18 11 13 53 44 24 30 9 0 71 28 29 40 24 25 22 26 42 22 19 24 20 28 10 20 28 22 0 26 22 19 28 43 33 28 17 29 14 12 10 0 20 24 24 30 26 36 34 23 0 12 10 18 27 20 30 29 20 22 0 7 8 30 5 0 0 188 23 32 0 8 3 9 6 4 11 9 8 23 29 20 21 18 42 45 42 31 37 45 48 0 0 25 19 6 18 4 13 0 11 14 16 0 0 0 5 58 61 17 27 53 5 6 55 7 0 5
tue 07 21 8 19 14 12 1 2 2 16 21 22 4 3 2 4 3 17 2 71 13 1 2 2 14 34 13 20 0 0 0 31 0 56 0 0 22 0 7 0 55 25 94 22 0 0 0 0 11 17 25 28 32 27 29 22 21 0 9 20 3 33 0 24 7 5 4 0 4 0 0 0 2 0 0 0 0 18 0 15 2 14 18 2 0 0 0 1 0 0 0 76 0 0 0 0 0 0 0 16 8 8 12 5 13 2 20 9 8 5 6 5 9 13 25 4 4 7 7 13 11 3 4 4 0 4 1 1 1 1 1 2 5 9 7 5 2 0 3 6 2 6 4 11 14 0 0 0 3 5 7 5 6 6 5 10 0 8 11 21 7 0 0 0 0 2 0 3 0 1 1 1 1 1 9 8 9 4 6 4 16 30 27 27 28 36 40 0 0 22 20 11 5 1 1 0 1 1 6 0 0 2 0 34 32 11 16 25 0 0 22 0 0 1
tue 08 11 7 16 12 9 3 5 5 11 12 11 0 0 0 0 120 14 64 11 24 4 7 9 9 15 9 10 0 0 0 11 0 8 0 0 15 0 7 19 7 28 52 11 0 0 0 0 10 13 13 16 13 13 18 13 12 0 9 24 0 15 0 18 3 1 0 0 6 0 0 0 0 0 0 0 0 7 0 10 15 14 17 4 0 0 3 0 0 0 0 8 0 0 0 0 0 0 0 3 11 9 10 8 7 0 25 4 10 9 17 0 15 23 29 8 7 22 19 12 3 11 8 10 0 3 0 0 0 0 0 0 0 0 0 0 0 0 0 0 0 0 13 19 9 0 0 0 3 13 16 11 11 17 11 23 0 5 4 20 15 0 0 0 0 1 0 0 0 0 0 0 0 0 0 8 13 14 12 10 24 26 19 10 8 12 12 0 0 6 3 3 1 0 0 0 0 1 3 0 0 0 5 20 18 6 8 9 0 0 24 0 0 0
tue 09 5 2 4 2 2 0 0 0 3 3 4 0 0 0 0 0 3 0 0 3 0 0 0 3 0 0 0 0 0 0 0 0 0 0 0 1 0 17 10 0 9 33 21 0 0 0 0 2 3 3 2 2 2 4 2 2 0 7 7 0 7 0 2 0 0 0 0 18 0 0 0 0 0 0 0 0 4 0 8 26 76 6 36 0 0 2 1 0 0 0 0 0 0 0 0 0 0 0 0 12 11 5 20 0 2 30 19 16 9 13 1 16 18 27 9 10 16 19 8 3 9 8 9 0 3 0 0 0 0 0 1 1 1 1 1 0 0 1 2 1 2 11 13 3 0 0 0 1 7 9 7 7 10 6 22 0 2 3 10 0 15 0 0 0 0 0 0 0 0 0 0 0 0 0 2 4 2 3 2 8 11 11 7 6 8 8 0 0 2 2 0 5 2 2 0 3 0 0 0 0 0 0 10 20 5 7 5 0 0 27 0 0 0
tue 10 0 0 0 0 0 0 0 0 0 0 0 0 0 0 0 0 0 0 0 0 0 0 0 0 0 0 0 0 0 0 0 0 0 0 0 7 0 5 0 0 12 27 0 0 0 0 0 0 0 0 0 0 0 0 0 0 0 3 11 0 0 0 12 0 0 0 0 5 2 0 0 0 0 0 0 0 0 0 0 0 0 7 0 0 0 0 1 0 0 0 0 0 0 0 0 0 0 0 0 8 9 8 12 0 0 11 8 10 9 8 0 6 7 12 0 0 9 12 12 4 0 0 0 0 0 0 0 0 0 0 0 0 0 0 0 0 0 0 0 0 0 11 12 7 0 0 0 0 10 12 10 11 9 9 12 0 2 4 9 0 0 0 0 1 1 0 0 0 0 0 0 0 0 0 5 7 7 5 5 10 6 4 0 0 0 0 0 0 0 0 0 0 0 0 0 0 0 0 0 0 0 0 8 9 2 2 3 0 0 16 0 0 0
tue 11 0 0 0 0 0 0 0 0 0 0 0 0 0 0 0 0 0 0 0 0 0 0 0 0 0 0 0 0 0 0 0 0 0 0 0 0 0 0 0 0 0 0 0 0 0 0 0 0 0 0 0 0 0 0 0 0 0 0 0 0 0 0 0 0 0 0 0 0 0 0 0 0 0 0 0 0 0 0 0 0 8 0 6 0 0 0 0 0 0 0 0 0 0 0 0 0 0 0 0 1 1 0 2 0 0 2 3 1 2 1 0 1 1 2 0 0 3 4 0 0 0 0 0 0 3 0 0 0 0 0 0 0 0 0 0 0 0 0 0 0 0 4 27 0 0 0 0 0 2 2 2 2 3 2 3 0 0 0 0 0 0 0 0 0 0 0 0 0 0 0 0 0 0 0 0 0 0 0 0 0 0 0 0 0 0 0 0 0 0 0 0 0 0 0 0 0 0 0 0 0 0 0 0 0 0 0 0 0 0 2 0 0 0
tue 12 0 0 0 0 0 0 0 0 0 0 0 0 0 0 0 0 0 0 0 0 0 0 0 0 0 0 0 0 0 0 0 0 0 0 0 0 0 0 0 0 0 0 0 0 0 0 0 0 0 0 0 0 0 0 0 0 0 0 0 0 0 0 0 0 0 0 0 0 0 0 0 0 0 0 0 0 0 0 0 0 0 0 0 0 0 0 0 0 0 0 0 0 0 0 0 0 0 0 0 0 0 0 0 0 0 0 0 0 0 0 0 0 0 0 0 0 0 0 0 0 0 0 0 0 0 0 0 0 0 0 0 0 0 0 0 0 0 0 0 0 0 0 0 0 0 0 0 0 0 0 0 0 0 0 0 0 0 0 0 0 0 0 0 0 0 0 0 0 0 0 0 0 0 0 0 0 0 0 0 0 0 0 0 0 0 0 0 0 0 0 0 0 0 0 0 0 0 0 0 0 0 0 0 0 0 0 0 0 0 0 0 0 0
tue 13 0 0 0 0 0 0 0 0 0 0 0 0 0 0 0 0 0 0 0 0 0 0 0 0 0 0 0 0 0 0 0 0 0 0 0 0 0 0 0 0 0 0 0 0 0 0 0 0 0 0 0 0 0 0 0 0 0 0 0 0 0 0 0 0 0 0 0 0 0 0 0 0 0 0 0 0 0 0 0 0 0 0 0 0 0 0 0 0 0 0 0 0 0 0 0 0 0 0 0 0 0 0 0 0 0 0 0 0 0 0 0 0 0 0 0 0 0 0 0 0 0 0 0 0 0 0 0 0 0 0 0 0 0 0 0 0 0 0 0 0 0 0 0 0 0 0 0 0 0 0 0 0 0 0 0 0 0 0 0 0 0 0 0 0 0 0 0 0 0 0 0 0 0 0 0 0 0 0 0 0 0 0 0 0 0 0 0 0 0 0 0 0 0 0 0 0 0 0 0 0 0 0 0 0 0 0 0 0 0 0 0 0 0
tue 14 0 0 0 0 0 0 0 0 0 0 0 0 0 0 0 0 0 0 0 0 0 0 0 0 0 0 0 0 0 0 0 0 0 0 0 0 0 0 0 0 0 0 0 0 0 0 0 0 0 0 0 0 0 0 0 0 0 0 0 0 0 0 0 0 0 0 0 0 0 0 0 0 0 0 0 0 0 0 0 0 1 0 1 0 0 0 1 0 0 0 0 0 1 0 0 0 0 0 0 1 1 0 1 0 0 1 1 2 1 0 2 1 1 1 0 0 0 0 0 0 0 0 0 0 0 0 0 0 0 0 0 0 0 0 0 0 4 2 0 0 1 0 0 1 0 0 0 0 0 0 0 0 0 0 0 0 0 0 0 0 0 0 0 1 0 0 0 0 0 0 0 0 0 0 0 0 0 0 0 0 0 0 0 0 0 0 0 0 0 0 0 0 0 0 0 0 0 0 0 0 0 0 0 0 0 0 0 0 0 2 0 0 0
tue 15 0 0 0 0 0 0 0 0 0 0 0 0 0 0 0 0 0 0 0 0 0 0 0 0 0 0 0 0 0 0 0 0 0 0 0 0 0 0 0 0 0 0 0 0 0 0 0 0 0 0 0 0 0 0 0 0 0 0 0 0 0 0 0 0 0 0 0 0 0 0 0 0 0 0 0 0 0 0 0 0 0 0 0 0 0 0 0 0 0 0 0 0 0 0 0 0 0 0 0 0 0 0 0 0 0 0 0 0 0 0 0 0 0 0 0 0 0 0 0 0 0 0 0 0 0 0 0 0 0 0 0 0 0 0 0 0 10 0 0 0 2 0 0 0 0 0 0 0 0 0 0 0 0 0 0 0 0 0 0 0 0 0 0 0 0 0 0 0 0 0 0 0 0 0 0 0 0 0 0 0 0 0 0 0 0 0 0 0 0 0 0 0 0 0 0 0 0 0 0 0 0 0 0 0 0 0 0 0 0 0 0 0 0
tue 16 0 0 0 0 0 0 0 0 0 0 0 0 0 0 0 0 0 0 0 0 0 0 0 0 0 0 0 0 0 0 0 0 0 0 0 1 0 0 0 0 2 5 0 0 0 0 0 0 0 0 0 0 0 0 0 0 0 0 3 0 0 0 4 0 0 0 0 0 0 0 0 0 0 0 0 0 0 0 0 6 10 3 6 5 0 0 3 3 1 1 0 0 0 0 2 3 0 0 0 4 5 0 4 0 0 7 5 3 4 0 3 2 3 3 0 0 0 0 0 0 0 0 0 0 0 0 0 0 0 0 0 0 0 0 0 0 16 1 0 0 4 0 0 3 3 0 0 0 0 0 0 0 0 0 0 0 0 0 0 0 0 0 0 0 0 0 0 0 0 0 0 0 0 0 0 0 0 0 0 0 0 0 0 0 0 0 0 0 0 0 0 0 0 0 0 0 0 0 0 0 0 0 0 0 0 0 0 0 0 6 0 0 0
tue 17 2 0 15 10 14 10 19 9 2 2 2 0 0 0 0 0 2 0 0 1 2 1 2 1 2 0 0 0 0 0 0 0 0 0 0 11 5 21 0 0 35 96 67 25 25 29 25 9 14 11 12 13 11 11 12 10 0 13 24 0 17 0 16 3 0 0 0 27 23 25 22 0 0 0 0 0 1 0 1 5 10 39 9 16 0 8 6 6 6 5 0 27 19 26 31 8 21 18 2 7 8 2 6 4 0 13 7 10 3 3 4 3 2 3 1 1 1 3 3 0 1 2 2 0 0 0 0 0 1 1 1 1 1 1 1 0 0 1 2 1 1 0 0 19 5 0 0 0 0 0 0 0 0 0 3 0 0 0 0 40 0 0 5 0 0 0 0 0 0 0 0 0 0 0 0 0 0 0 0 0 0 0 0 0 0 0 0 0 0 0 0 0 0 0 0 0 0 0 0 0 0 0 0 0 0 0 0 0 0 7 0 1 0
tue 18 51 24 134 148 93 74 89 104 60 74 93 29 40 14 15 23 49 23 16 47 156 109 95 69 74 38 55 0 0 0 90 0 1 0 0 77 67 100 59 11 256 986 166 27 24 22 26 101 120 131 129 141 136 148 119 98 0 103 209 2 140 0 115 37 3 6 0 109 69 62 71 0 64 2 1 0 45 4 35 36 59 118 24 9 0 1 16 9 10 3 9 28 19 24 36 12 19 18 9 37 41 37 44 43 1 70 62 78 29 9 53 44 49 53 15 12 13 9 39 21 21 35 15 0 1 2 1 14 25 10 22 24 30 28 33 16 8 42 43 37 41 2 2 138 12 0 0 0 1 2 1 1 2 1 17 0 19 22 50 197 4 0 16 9 1 0 0 0 0 0 0 3 5 4 3 1 3 2 4 13 29 11 31 32 46 73 0 0 40 35 22 21 13 14 0 21 12 7 0 0 0 8 21 12 2 4 6 8 2 64 0 1 0
tue 19 146 23 231 245 241 313 190 108 135 168 161 45 66 56 59 54 117 59 48 143 112 187 149 140 117 36 54 0 0 0 95 0 10 0 0 126 78 168 12 38 359 1064 180 93 82 81 84 202 201 214 221 214 229 254 196 170 0 194 272 1 229 0 195 20 18 20 1 155 116 115 134 1 295 10 60 117 116 0 117 43 67 124 32 23 4 21 15 19 19 13 34 43 73 53 51 16 66 55 12 64 67 52 53 51 2 120 71 84 50 46 99 75 86 88 56 56 43 39 66 18 63 56 57 0 19 16 19 40 123 67 61 62 98 60 78 24 44 80 90 79 92 29 24 126 19 16 10 8 25 38 31 39 38 39 58 0 18 21 72 157 15 0 696 173 6 0 0 3 0 2 3 23 24 16 17 12 9 7 26 47 85 45 85 108 117 173 0 0 123 104 37 66 51 51 0 47 36 52 0 0 1 29 54 41 20 26 21 23 1 96 2 3 10
tue 20 249 49 393 383 312 210 117 61 247 254 290 101 107 80 71 60 196 44 84 208 142 184 202 248 189 53 74 0 70 12 96 12 25 0 0 120 177 295 77 61 497 1036 271 89 62 65 71 276 331 330 338 337 362 389 311 269 15 297 400 18 348 0 213 21 26 10 12 308 221 206 234 3 333 16 65 211 211 18 201 86 136 152 59 32 1 10 47 25 39 11 56 34 91 32 53 33 92 56 23 82 92 106 64 76 1 128 79 90 42 60 89 80 93 96 103 94 71 65 121 54 90 100 117 0 34 22 16 55 103 115 92 63 90 66 84 32 99 73 131 104 82 49 48 148 26 16 13 10 48 81 67 82 88 87 84 0 54 51 162 105 27 0 1726 460 23 0 4 5 8 17 18 35 45 31 49 33 39 48 42 128 149 101 136 161 200 351 0 0 242 166 77 131 58 44 0 47 67 101 0 1 0 35 107 90 77 93 119 51 9 117 6 0 26
tue 21 232 99 211 238 332 400 257 69 176 197 201 87 103 72 71 96 170 43 79 187 117 182 150 194 189 62 110 0 480 30 82 18 27 183 0 99 192 171 40 66 310 626 156 166 78 81 92 146 233 180 189 205 224 243 195 178 3 164 271 9 233 0 174 19 12 7 1 208 169 178 202 6 341 33 150 193 197 134 278 83 104 156 51 17 4 14 12 10 11 2 52 34 145 42 41 24 134 91 32 65 70 96 53 92 0 159 62 74 42 70 108 69 89 101 164 158 71 75 110 64 245 168 240 0 50 50 35 47 116 74 72 70 67 48 50 27 122 75 67 61 59 75 62 137 11 602 71 30 68 94 87 98 102 107 91 0 57 70 147 83 9 0 1047 356 1 0 4 9 20 35 55 37 39 36 51 27 31 52 30 119 140 95 153 149 171 322 0 0 145 110 170 86 48 31 0 35 32 93 0 3 0 32 121 105 84 109 89 65 31 114 43 1 53
tue 22 288 92 337 337 311 255 208 121 246 235 261 98 130 103 101 91 207 80 61 203 196 299 264 239 239 102 147 0 0 0 198 0 14 52 0 169 117 347 15 45 446 988 221 91 84 86 89 249 298 301 296 300 314 347 272 243 2 245 382 13 355 0 250 32 12 25 5 393 247 177 176 4 158 28 30 29 320 29 275 157 207 319 85 7 8 34 13 5 18 5 38 22 136 16 11 8 126 87 51 83 88 126 64 102 4 275 87 104 71 131 141 133 140 144 135 124 113 113 152 80 117 136 154 0 36 22 26 43 75 51 60 72 67 65 80 36 83 104 130 96 101 56 60 170 6 55 20 15 50 59 52 65 71 73 151 0 80 86 191 157 4 0 1142 543 14 0 13 11 34 40 47 57 65 50 90 64 67 82 56 161 192 133 173 201 279 443 0 0 261 181 100 147 78 50 0 48 90 108 0 0 1 51 129 127 88 104 101 40 22 183 26 7 46
tue 23 476 133 439 528 417 248 188 217 367 335 415 123 181 194 197 173 332 146 136 325 316 294 248 406 273 96 194 4 73 4 142 0 28 8 0 168 103 293 109 110 654 1308 573 152 82 83 76 326 414 377 387 407 433 474 416 348 5 363 507 7 479 0 337 23 30 31 3 353 200 142 172 4 318 10 149 99 422 2 365 149 216 241 116 31 16 22 27 18 25 4 85 26 54 29 27 23 69 38 35 122 150 186 84 115 8 286 126 131 87 140 179 141 184 194 217 199 161 122 205 156 187 216 223 0 64 75 69 94 157 93 90 120 119 84 95 39 114 141 158 101 205 126 92 191 23 119 31 37 105 141 120 125 142 143 181 0 136 140 285 272 47 0 1353 112 15 0 18 13 45 47 40 60 80 66 118 61 91 88 97 261 318 199 289 326 458 631 0 0 430 362 289 229 85 124 0 79 91 135 0 2 4 58 248 270 119 161 151 81 47 238 66 12 51
wed 00 210 89 229 280 230 140 76 70 193 190 204 110 98 107 85 89 178 73 71 188 132 119 95 191 193 57 100 4 160 16 144 92 21 9 0 94 60 140 35 59 273 598 269 62 38 40 101 158 207 194 185 177 200 198 157 141 0 126 216 0 174 0 150 17 3 10 11 127 66 65 67 0 41 10 0 0 193 11 180 78 89 108 42 9 0 7 14 9 18 11 45 34 60 50 15 12 55 37 35 85 77 62 62 56 2 158 78 87 67 130 128 128 150 144 121 107 122 109 77 68 117 139 141 0 50 39 25 25 65 36 47 53 68 59 74 45 78 76 148 78 80 80 79 109 12 12 22 23 79 98 91 87 98 88 149 0 60 68 114 330 21 0 739 113 8 2 7 14 25 39 43 61 78 151 99 50 54 61 54 176 216 140 202 210 250 345 0 0 201 173 84 124 63 72 0 54 52 85 0 5 0 29 153 147 92 114 103 46 22 163 29 3 48
wed 01 278 59 237 230 195 53 51 38 185 174 218 62 68 60 50 37 143 37 39 178 57 60 58 199 79 18 31 1 153 0 33 19 13 16 0 131 131 339 56 37 457 563 302 75 51 53 67 188 193 219 218 224 250 296 235 193 10 223 328 63 306 0 155 12 3 52 0 518 406 448 600 0 10 2 3 4 191 14 192 60 71 132 28 14 0 4 20 5 12 5 24 39 33 42 45 13 43 33 16 76 75 78 74 82 1 139 78 64 60 204 181 105 92 99 95 90 70 64 101 63 94 110 114 0 31 45 27 26 33 24 29 34 71 50 54 39 65 89 91 95 90 44 38 119 8 25 17 11 32 47 38 49 52 46 83 0 48 41 127 238 45 0 110 3 0 0 5 10 17 16 8 24 35 29 56 32 59 114 60 123 128 75 134 151 186 354 0 0 178 146 63 65 47 31 0 32 40 70 0 0 0 35 92 82 58 82 58 58 37 121 35 2 18
wed 02 286 120 278 297 238 142 106 122 223 230 255 154 160 114 146 90 224 61 92 218 165 135 130 213 230 93 106 2 20 35 232 1 27 101 0 114 148 211 67 80 435 575 246 169 75 82 118 206 255 255 242 248 265 289 227 186 38 268 379 40 282 0 344 27 8 7 1 242 161 167 188 2 68 39 16 56 270 42 274 96 110 131 36 34 3 4 44 48 39 28 63 162 196 180 303 96 167 102 21 53 56 110 38 96 4 118 54 62 40 138 159 134 94 104 232 218 133 140 131 92 173 207 245 0 65 55 63 118 112 75 75 72 113 83 68 40 121 104 96 91 100 117 79 117 27 6 22 26 104 134 117 107 117 124 161 0 92 103 178 98 25 0 596 346 82 0 8 7 19 27 21 35 48 43 63 44 44 42 37 142 182 143 165 174 221 423 0 0 198 187 168 147 189 72 0 58 45 90 0 0 0 56 157 152 99 124 100 78 27 126 35 9 24
wed 03 239 89 230 251 201 117 64 55 157 185 203 56 83 98 79 65 174 62 117 156 112 108 67 193 148 69 132 0 3 10 81 1 59 232 0 110 225 122 33 103 288 551 158 156 13 12 23 162 195 202 224 199 209 239 198 171 11 166 269 5 228 0 162 33 10 12 14 127 82 66 98 2 73 17 68 99 335 362 450 158 201 156 78 24 5 24 20 20 21 14 71 18 48 19 59 21 64 39 45 95 87 97 68 63 5 185 91 88 59 81 174 104 117 165 164 151 71 57 132 87 232 408 300 0 52 53 46 49 128 37 49 41 66 59 78 38 359 101 134 71 121 68 67 113 25 10 41 22 93 110 92 120 98 102 81 0 81 86 170 45 16 0 49 22 41 0 11 15 18 25 14 20 27 29 64 51 58 77 46 133 152 109 136 137 160 338 0 0 205 152 111 114 246 56 0 63 31 115 0 0 17 33 129 112 83 97 81 141 18 196 45 9 22
wed 04 114 53 115 156 88 47 29 17 78 81 94 40 50 23 25 16 78 17 69 78 36 141 61 91 77 32 52 0 0 0 20 0 21 0 0 48 35 70 4 58 151 274 83 33 18 22 19 89 110 116 110 70 78 80 61 50 1 66 114 0 59 0 99 11 1 1 1 117 51 46 50 4 15 12 0 0 93 0 86 148 196 97 94 15 25 102 11 19 30 12 51 8 85 11 39 7 26 19 21 73 78 79 71 29 0 135 74 63 70 46 57 55 62 73 49 44 53 44 81 112 42 51 53 0 41 27 31 55 101 63 46 63 78 53 51 17 53 40 41 31 33 92 83 47 24 28 7 5 65 88 60 81 83 64 61 0 46 43 173 25 1 0 118 74 25 0 32 19 19 48 32 41 44 48 83 83 131 491 258 521 267 91 188 193 352 311 0 0 145 128 95 88 35 32 0 30 50 73 0 0 3 60 97 93 40 58 65 17 31 112 63 6 30
wed 05 85 40 68 69 58 28 36 26 52 47 59 29 35 32 27 32 66 25 30 52 38 34 27 53 63 17 42 0 6 4 15 7 9 4 0 109 42 49 12 30 120 182 131 47 29 34 42 47 63 70 84 94 105 105 81 79 8 103 131 7 118 0 87 43 6 9 4 74 58 63 47 0 21 4 4 10 59 14 57 80 143 295 46 31 17 39 28 24 26 14 20 29 73 30 43 26 40 39 3 42 37 50 47 43 0 87 72 27 32 43 69 51 50 69 37 42 46 44 63 31 29 39 48 0 36 45 34 54 167 91 67 47 46 29 39 19 35 49 64 80 87 40 49 93 29 6 33 26 47 46 31 38 29 31 48 0 26 25 73 4 1 0 257 134 5 0 16 18 20 31 22 34 28 37 59 51 34 56 23 74 86 65 65 68 81 111 0 0 57 53 15 40 33 23 0 18 13 20 0 1 3 4 83 83 41 63 42 41 30 82 43 4 21
wed 06 49 15 30 28 22 16 21 12 27 22 23 16 11 10 11 18 30 13 16 24 21 15 16 19 34 9 21 1 0 4 14 0 15 4 0 27 14 43 3 17 73 85 67 10 8 7 8 21 36 31 44 51 53 50 61 53 6 38 72 9 61 0 36 11 4 5 3 45 33 17 24 15 4 3 5 0 37 7 39 44 97 69 51 11 6 22 15 12 15 9 13 13 12 24 16 9 13 10 8 87 71 69 53 47 0 94 41 37 44 18 10 18 25 29 30 26 16 14 67 54 23 27 33 0 6 3 3 3 12 10 9 9 6 8 20 10 8 7 18 17 17 17 11 62 24 0 20 21 18 23 19 20 26 21 20 0 22 21 101 0 0 0 26 15 40 0 10 9 10 13 13 15 14 10 34 41 29 40 29 64 55 49 32 38 47 64 0 0 36 34 50 51 27 29 0 21 18 26 0 0 15 15 57 57 29 29 29 30 38 48 28 8 11
wed 07 13 2 16 16 11 2 3 2 9 16 14 0 0 0 0 0 8 0 0 12 2 2 3 10 18 9 22 0 1 0 12 0 0 0 0 8 1 18 9 0 24 108 18 5 6 6 6 14 25 20 30 16 20 16 12 15 33 11 21 0 18 0 11 1 0 0 0 17 7 4 5 2 0 0 0 0 15 0 14 16 13 19 8 0 0 2 2 0 0 0 0 0 6 0 0 0 1 5 0 8 9 9 7 7 0 15 11 7 8 17 7 13 15 16 15 13 19 16 14 3 10 12 9 0 12 14 4 7 13 5 3 0 0 0 3 3 17 4 5 5 12 17 42 14 0 0 4 7 15 15 13 13 15 14 23 0 3 2 15 0 2 0 125 115 5 0 7 0 0 0 0 0 0 2 14 14 10 11 9 17 17 9 18 10 14 17 0 0 4 4 0 4 3 10 0 3 0 6 0 0 3 1 10 19 2 7 8 2 2 17 0 3 0
wed 08 12 0 30 23 12 0 0 0 10 23 29 0 0 0 0 0 6 2 5 11 0 0 0 22 5 8 8 0 0 0 74 0 8 0 0 24 32 41 4 2 55 68 15 35 29 35 38 20 22 25 49 46 43 47 37 31 1 51 63 1 58 0 24 5 0 4 0 56 43 37 49 0 58 6 0 2 8 1 18 17 19 27 4 5 0 0 12 11 9 7 1 11 40 9 10 9 30 24 1 13 10 13 10 12 0 37 12 8 10 14 8 12 14 15 14 9 16 12 17 0 11 10 18 0 4 0 0 0 2 1 2 1 1 1 3 2 17 9 4 1 18 6 12 21 5 0 0 1 7 8 7 7 7 6 23 0 0 0 21 4 0 0 1021 542 0 0 0 0 0 0 0 0 0 0 3 5 5 3 3 15 21 20 15 17 19 22 0 0 3 1 2 0 0 0 1 0 1 1 0 0 0 1 23 14 14 21 15 4 4 22 3 1 0
wed 09 5 0 6 4 4 0 0 0 4 3 5 0 0 0 0 0 3 0 0 3 0 0 0 3 0 0 0 0 0 0 0 0 0 0 0 9 4 9 0 0 8 43 11 2 2 2 2 4 3 4 5 4 5 4 5 3 0 2 9 3 4 0 13 0 0 0 0 3 3 3 4 0 218 50 113 38 5 0 2 4 25 6 8 1 0 0 3 1 2 2 0 4 17 2 2 1 18 11 0 8 6 20 7 9 0 25 8 5 7 12 12 12 19 19 5 3 13 7 20 0 3 5 3 0 10 0 0 0 0 0 0 0 0 0 0 0 29 10 0 1 15 8 15 10 2 12 0 1 6 8 6 7 10 6 16 0 0 0 23 7 0 0 744 183 0 0 2 0 0 0 0 0 0 0 3 5 3 3 2 6 3 4 0 0 0 0 0 0 0 0 0 0 0 0 0 0 0 0 0 0 0 0 4 10 2 3 3 0 0 33 0 0 0
wed 10 10 6 11 10 6 2 2 2 4 5 6 0 0 0 0 0 3 0 4 3 2 3 4 5 3 1 2 0 0 0 2 0 1 0 0 57 47 21 4 5 38 11 20 43 36 37 43 11 13 12 42 41 35 30 25 20 7 33 37 4 40 0 32 73 0 37 0 53 34 59 64 0 38 0 7 0 8 0 7 2 26 24 10 1 0 0 3 1 2 1 4 15 60 6 2 1 33 30 0 4 3 7 4 7 0 4 3 3 4 1 5 8 5 8 4 5 2 2 5 7 4 3 3 0 5 1 3 3 16 2 2 2 2 2 1 2 9 5 2 2 8 6 20 17 1 0 0 1 7 7 7 5 7 5 2 0 4 7 8 0 19 0 386 277 0 0 0 0 0 0 0 0 0 0 0 0 0 0 0 2 3 3 3 4 4 10 0 0 7 4 2 2 0 0 0 0 4 1 0 0 1 3 3 1 3 4 4 0 0 6 0 0 0
wed 11 2 2 4 3 2 0 0 0 0 3 5 0 0 0 0 0 0 0 0 0 0 3 3 4 13 3 3 0 0 0 4 0 0 0 0 7 0 0 0 0 4 5 11 0 0 0 0 2 4 3 2 6 5 6 4 5 0 0 7 0 5 0 9 0 0 0 0 0 0 0 0 0 0 0 0 0 2 0 1 12 19 10 1 0 0 4 1 0 0 0 0 0 0 0 0 0 0 0 0 4 4 2 4 2 0 5 5 5 2 2 3 7 7 17 2 2 2 1 3 0 1 1 2 0 0 0 0 0 0 0 0 0 0 0 0 0 7 3 0 0 5 0 0 6 0 0 0 0 0 0 0 0 0 0 2 0 0 0 3 0 0 0 0 0 0 0 0 0 0 0 0 0 0 0 0 0 0 0 0 0 0 0 0 0 0 0 0 0 0 0 0 0 0 0 0 0 0 0 0 0 1 0 0 0 0 0 0 0 0 17 0 0 0
wed 12 2 0 2 1 0 0 0 0 2 1 2 0 0 0 0 0 1 0 0 1 0 0 0 2 0 0 0 0 0 0 0 0 0 0 0 1 0 0 0 0 3 4 0 0 0 0 0 1 2 1 2 1 1 2 2 1 0 3 3 0 2 0 0 1 0 2 0 0 0 0 0 0 0 0 0 0 2 0 1 3 5 0 2 0 0 0 0 0 0 0 0 0 0 0 0 0 0 0 0 2 2 0 2 0 0 3 2 2 2 5 5 1 2 2 2 2 5 7 0 0 1 1 2 0 4 6 4 6 7 0 0 0 0 0 0 0 11 6 0 2 11 3 7 0 0 0 0 0 3 5 4 4 4 5 8 0 0 0 0 0 0 0 0 0 0 0 0 0 0 0 0 0 0 0 0 0 0 0 0 0 0 0 0 0 0 0 0 0 0 0 0 0 0 0 0 0 0 0 0 0 0 0 0 0 0 0 0 0 0 3 0 0 0
wed 13 0 0 0 0 0 0 0 0 0 0 0 0 0 0 0 0 0 0 0 0 0 0 0 0 0 0 0 0 0 0 0 0 0 0 0 4 0 0 0 0 9 0 10 0 0 0 0 0 0 0 0 0 0 0 0 0 0 7 7 0 0 0 1 1 0 8 0 0 0 0 0 0 0 0 0 0 0 0 0 0 0 1 0 0 0 0 0 0 0 0 0 0 0 0 0 0 0 0 0 0 0 1 0 2 0 0 0 0 0 0 0 0 0 0 0 0 0 0 1 0 0 0 0 0 0 0 0 0 0 0 0 0 0 0 0 0 0 0 0 0 0 0 0 1 0 0 0 0 0 0 0 0 0 0 0 0 0 0 1 0 0 0 0 0 0 0 0 0 0 0 0 0 0 0 0 0 0 0 0 0 0 0 0 0 0 0 0 0 0 0 0 0 0 0 0 0 0 0 0 0 0 0 0 0 0 0 0 0 0 0 0 0 0
wed 14 3 0 4 3 2 0 0 0 3 2 3 0 0 0 0 0 2 0 0 3 0 0 0 3 0 0 0 0 0 0 0 0 0 0 0 0 0 0 0 0 5 2 0 0 0 0 0 3 3 4 4 4 4 6 3 4 0 1 4 0 3 0 2 1 0 2 0 0 0 0 0 0 0 0 0 0 3 0 2 0 0 0 0 0 0 0 0 0 0 0 0 0 0 0 0 0 0 0 0 1 1 0 0 0 0 2 2 2 2 4 5 2 2 2 3 3 3 3 2 0 3 4 3 0 0 0 0 0 0 0 0 0 0 0 0 0 17 5 0 3 12 0 0 0 0 0 0 0 0 0 0 0 0 0 4 0 0 0 4 0 0 0 0 0 0 0 0 0 0 0 0 0 0 0 0 0 0 0 0 0 0 0 0 0 0 0 0 0 0 0 0 0 0 0 0 0 0 0 0 0 0 0 0 0 0 0 0 0 0 3 0 0 0
wed 15 0 0 0 0 0 0 0 0 0 0 0 0 0 0 0 0 0 0 0 0 0 0 0 0 0 0 0 0 0 0 0 0 0 0 0 0 0 0 0 0 0 0 0 0 0 0 0 0 0 0 0 0 0 0 0 0 0 0 0 0 0 0 0 0 0 0 0 0 0 0 0 0 0 0 0 0 0 0 0 0 0 0 0 0 0 0 2 0 1 0 0 0 0 0 0 0 0 0 0 0 0 0 0 0 0 0 0 0 0 0 0 0 0 0 0 0 0 0 0 0 0 0 0 0 0 0 0 0 0 0 0 0 0 0 0 0 366 0 0 1 4 0 0 0 0 27 0 0 0 0 0 0 0 0 0 0 0 0 0 0 0 0 0 0 0 0 0 0 0 0 0 0 0 0 0 0 0 0 0 0 0 0 0 0 0 0 0 0 0 0 0 0 0 0 0 0 0 0 0 0 0 0 0 0 0 0 0 0 0 0 0 0 0
wed 16 0 0 0 0 0 0 0 0 0 0 0 0 0 0 0 0 0 0 0 0 0 0 0 0 0 0 0 0 0 0 0 0 0 0 0 2 0 0 0 0 4 4 3 0 0 0 0 0 0 0 0 0 0 0 0 0 0 0 4 0 0 0 2 0 0 0 0 0 0 0 0 0 0 0 0 0 0 0 0 0 0 3 1 0 0 0 0 0 0 0 0 0 0 0 0 0 0 0 0 1 1 0 1 0 0 2 1 3 1 4 4 1 2 0 3 3 2 2 0 0 0 0 4 0 0 0 0 0 0 0 0 0 0 0 0 0 189 2 0 1 15 0 0 1 0 0 0 0 0 0 0 0 0 0 3 0 0 0 0 0 0 0 0 0 0 0 0 0 0 0 0 0 0 0 0 0 0 0 0 0 0 0 0 0 0 0 0 0 0 0 0 0 0 0 0 0 0 0 0 0 0 0 0 0 0 0 0 0 0 2 0 0 0
wed 17 7 0 50 47 47 53 80 40 1 6 7 4 5 5 7 7 9 4 6 1 64 43 31 6 19 7 14 0 0 0 5 0 0 0 0 31 37 42 4 4 82 200 38 42 43 45 42 37 44 49 41 48 57 56 47 37 0 39 64 0 56 0 43 8 0 1 0 47 37 38 46 0 29 3 0 0 7 0 4 7 23 34 19 16 0 0 10 9 9 5 3 35 38 26 45 11 30 31 0 14 14 4 17 8 0 25 10 10 9 3 10 9 10 11 4 3 4 3 3 0 3 5 5 0 0 0 0 0 1 1 1 1 0 1 1 1 13 2 2 1 5 0 0 51 9 0 0 0 0 0 0 0 0 0 6 0 0 0 3 34 1 0 221 72 0 0 0 0 0 0 0 0 0 0 0 0 0 0 0 0 4 3 2 8 6 5 0 0 0 5 17 9 1 0 0 0 0 0 0 0 1 0 5 5 1 2 0 1 1 19 0 0 0
wed 18 44 15 104 111 105 95 82 52 35 40 46 38 49 17 17 19 40 20 14 30 82 68 71 39 74 40 55 0 137 0 57 18 2 0 0 58 51 91 74 15 161 489 238 84 72 80 71 72 99 105 97 98 105 108 92 80 0 69 108 2 100 0 60 13 3 16 0 95 63 64 84 4 14 0 3 0 30 0 31 36 38 68 18 8 1 2 17 11 13 7 9 38 64 33 39 16 52 53 3 28 27 26 25 26 0 55 34 41 19 13 26 30 32 33 20 18 13 13 31 11 22 18 17 0 32 132 2 2 16 9 7 12 14 10 11 10 0 19 30 18 19 35 31 65 6 1 10 8 27 22 15 15 15 22 18 0 14 12 38 158 51 0 524 176 6 0 3 1 7 9 8 19 20 15 17 11 10 8 7 14 15 6 19 27 36 50 0 0 35 24 5 24 18 19 0 17 3 3 0 0 1 3 6 4 0 0 0 0 2 38 3 8 13
wed 19 138 34 166 161 138 131 128 82 144 113 131 62 57 40 49 58 127 55 20 114 135 104 95 106 140 51 48 0 18 0 78 12 7 0 0 104 9 58 15 18 297 828 123 22 16 19 21 135 206 163 165 165 187 199 163 147 14 147 242 8 245 0 220 22 7 88 2 63 30 22 25 5 1 1 0 0 109 2 102 45 70 112 16 12 1 9 8 8 8 3 17 16 8 24 18 11 19 12 6 33 34 42 37 29 2 72 43 46 27 28 52 52 66 65 64 60 36 25 50 25 52 51 61 0 13 15 10 19 35 18 25 33 32 22 33 9 49 45 51 41 46 29 16 84 11 9 6 4 32 45 35 64 52 51 39 0 25 28 66 84 14 0 4 0 14 0 19 15 25 30 22 25 52 35 45 30 15 18 13 41 57 41 55 68 86 152 0 0 87 69 33 37 20 25 0 26 23 62 0 0 0 8 46 45 38 50 35 117 32 81 43 1 22
wed 20 140 51 196 205 150 84 63 85 157 151 180 61 85 94 82 70 113 68 49 138 148 100 113 159 153 33 59 2 0 2 68 0 21 1 0 66 8 35 33 42 267 547 194 16 9 9 9 153 168 177 177 177 176 212 167 141 0 122 201 5 233 0 114 10 7 18 0 31 12 11 18 2 0 0 0 0 112 0 102 47 81 79 20 1 0 0 4 1 4 1 42 3 3 3 4 2 6 4 0 36 32 50 29 43 3 56 28 41 17 22 48 28 39 37 56 53 28 18 58 48 47 60 55 0 19 10 11 12 22 9 17 28 33 20 24 8 121 39 47 32 39 36 23 65 2 168 38 31 43 42 39 38 42 40 32 0 39 43 85 93 6 0 2 0 43 0 24 118 76 129 65 65 91 59 79 59 23 19 17 54 63 52 61 72 91 156 0 0 233 99 64 64 30 50 0 34 34 69 0 0 0 10 59 57 48 59 53 90 33 49 392 6 64
wed 21 237 84 236 264 212 138 131 125 209 244 252 137 193 158 95 78 170 64 65 182 154 137 152 224 206 83 105 0 0 19 129 0 23 55 0 87 63 102 31 39 235 546 181 38 29 27 36 161 217 197 199 183 212 226 167 154 3 135 202 4 204 0 136 9 1 25 0 102 60 50 67 4 25 3 55 0 221 4 179 102 99 116 50 6 6 7 4 3 4 1 39 14 29 15 3 2 29 17 8 42 41 45 45 43 7 73 38 33 28 58 94 60 66 68 104 98 53 45 51 75 94 105 118 0 22 25 24 29 39 20 21 24 25 27 42 18 106 73 61 34 78 37 38 92 5 103 25 17 36 55 54 58 67 63 65 0 64 74 85 158 1 0 603 118 23 0 15 49 56 78 41 70 85 74 107 67 53 51 46 120 133 98 128 140 166 318 0 0 293 217 170 141 79 68 0 65 66 143 0 4 0 22 116 111 79 107 87 63 36 69 94 11 70
wed 22 257 79 188 190 162 168 68 42 175 171 185 21 22 25 24 43 151 67 68 166 80 69 63 155 77 34 44 4 0 4 39 0 20 33 0 99 65 216 19 42 338 628 244 80 54 49 52 154 149 150 157 168 174 207 165 137 0 141 245 38 179 0 125 29 2 27 3 207 139 87 93 6 32 19 27 1 175 8 190 84 176 133 51 13 7 11 6 8 10 5 41 22 28 69 44 13 59 34 10 89 99 73 83 67 2 246 95 68 57 52 73 77 106 115 96 90 65 53 85 66 99 120 97 0 18 13 15 17 49 25 29 43 75 45 45 21 33 47 61 55 49 39 32 128 11 9 17 11 40 63 76 70 64 61 83 0 59 63 123 108 1 0 405 26 24 1 36 111 87 103 78 67 94 69 100 85 39 42 35 105 118 84 126 121 146 257 0 0 237 130 61 72 23 17 0 33 32 100 0 1 0 2 90 85 57 72 47 26 22 164 101 10 69
wed 23 346 100 379 368 348 219 128 113 275 256 294 109 157 95 97 88 274 163 122 262 250 188 164 274 214 99 127 0 170 15 193 165 26 23 0 135 51 198 84 72 478 879 368 68 55 55 50 285 336 329 326 322 336 389 304 267 13 268 391 68 393 0 258 32 17 37 139 222 118 61 65 0 57 12 2 2 285 5 245 138 189 199 68 36 7 21 22 19 25 9 84 31 72 26 29 20 55 45 32 114 121 128 79 103 0 222 103 116 92 97 112 110 127 139 143 128 103 82 148 106 128 146 151 0 42 54 33 69 92 43 48 53 81 70 82 29 59 89 129 84 88 84 56 191 23 22 18 18 67 107 83 114 107 95 136 0 75 93 201 341 12 0 1031 209 25 0 31 13 24 32 51 64 82 79 94 63 100 213 120 285 284 181 287 301 341 588 0 0 537 326 208 191 108 72 0 77 79 149 0 0 0 44 195 199 165 182 142 120 33 184 19 6 39
thu 00 154 44 189 196 132 63 51 45 129 126 153 39 49 29 33 35 108 45 38 110 88 78 71 143 89 25 29 2 57 6 93 34 12 49 0 69 15 61 37 40 224 484 214 28 22 25 25 137 171 141 141 136 141 163 127 106 4 92 213 7 141 0 106 16 12 29 0 64 40 31 36 1 21 0 13 2 125 24 115 46 57 80 17 10 4 11 12 7 11 3 36 10 16 11 15 8 23 9 31 39 46 67 24 45 1 142 53 46 38 54 64 57 81 75 103 92 67 57 72 56 88 102 100 0 31 27 27 27 61 25 41 44 53 37 44 30 120 49 111 44 57 43 36 69 8 39 32 22 40 107 53 58 69 67 82 0 36 41 130 155 0 0 925 140 22 1 16 22 13 33 47 34 42 27 58 31 39 48 47 101 101 69 101 119 142 219 0 0 201 106 63 57 27 28 0 26 24 60 0 3 0 12 80 82 57 71 64 46 25 100 23 2 25
thu 01 61 25 80 82 57 36 34 26 54 49 64 34 47 53 52 33 55 38 32 57 41 43 27 57 55 17 23 0 103 0 43 39 9 135 0 24 6 23 7 19 77 243 203 12 10 10 10 58 80 81 88 68 70 86 70 59 0 45 76 0 79 0 49 5 0 6 0 34 18 8 9 0 0 0 0 0 55 16 73 35 45 59 10 4 0 8 3 2 1 0 22 2 8 1 5 4 10 7 1 22 21 27 8 20 0 61 35 24 20 32 35 37 46 58 46 49 31 32 39 23 38 48 43 0 37 32 13 13 44 29 28 26 43 31 82 19 67 36 44 26 43 24 31 40 1 14 10 9 26 40 35 51 54 47 48 0 18 21 52 94 0 0 95 19 16 0 10 5 1 7 9 8 11 10 19 14 23 37 30 59 65 36 76 61 70 119 0 0 81 70 52 53 23 29 0 34 27 44 0 3 0 4 48 46 29 35 31 12 6 64 9 0 4
thu 02 215 75 176 223 175 89 61 59 157 166 151 62 62 68 76 61 139 51 98 147 90 65 40 142 64 21 35 6 523 21 30 50 7 155 0 64 12 30 19 84 200 585 162 27 17 17 14 127 136 168 156 153 163 186 150 132 1 116 177 0 186 0 110 4 1 14 0 28 16 19 24 1 82 12 0 0 174 5 140 77 107 86 33 20 0 15 18 17 18 7 56 9 15 12 15 11 9 8 3 72 61 68 37 50 2 113 69 59 66 111 72 67 71 85 83 78 53 70 94 77 78 94 89 0 23 22 13 21 72 30 35 46 110 61 61 33 47 42 74 49 48 175 36 74 21 12 81 70 96 107 99 87 89 80 73 0 41 45 119 173 2 0 54 2 20 0 12 11 14 20 31 32 39 29 53 38 35 40 33 116 137 112 137 139 176 290 0 0 221 200 213 103 55 58 0 64 46 101 0 3 0 23 131 138 106 125 98 88 7 102 7 12 20
thu 03 93 60 89 102 68 40 23 24 72 73 91 76 118 85 106 69 74 58 60 69 51 34 38 73 105 24 78 41 6 9 38 4 20 60 0 64 14 49 20 30 150 417 130 25 18 22 25 64 80 92 106 89 90 106 92 76 0 78 136 8 117 0 83 11 7 38 0 74 40 31 28 7 0 0 0 0 84 5 101 93 120 114 70 12 6 35 11 12 14 6 38 26 15 21 32 7 17 14 12 52 45 58 36 49 8 123 83 42 34 50 76 64 69 91 73 70 51 42 72 46 63 73 89 0 36 41 24 37 106 30 33 39 84 41 52 13 175 50 65 70 88 45 56 71 16 20 21 26 47 71 77 83 83 72 67 0 45 49 94 70 0 0 13 0 13 0 8 12 23 23 17 30 60 52 76 47 47 44 34 104 106 71 96 97 108 146 0 0 96 109 185 76 26 60 0 46 19 64 0 0 0 19 98 89 73 78 63 98 15 102 24 10 28
thu 04 48 21 39 63 42 19 14 8 37 49 43 7 12 13 18 13 35 9 19 33 26 18 7 38 28 13 12 0 0 0 20 0 11 0 0 59 11 72 9 11 115 248 77 22 14 15 16 31 40 41 50 57 58 66 51 42 0 38 91 0 57 0 100 17 1 2 0 98 44 29 22 1 0 0 0 0 47 1 38 94 95 53 42 26 3 52 20 22 29 7 15 18 23 15 45 15 13 8 3 35 45 51 36 33 17 64 34 28 37 5 34 28 31 33 18 22 12 6 61 48 20 23 26 0 18 10 9 10 23 14 14 35 55 35 49 11 39 29 47 22 26 17 28 53 29 7 15 6 22 12 12 26 20 26 11 0 22 22 112 26 2 0 54 15 34 0 20 8 7 18 11 17 26 37 59 39 27 25 21 88 82 65 66 61 76 82 0 0 47 69 165 56 23 41 0 28 10 49 0 0 0 45 80 89 37 59 37 6 3 61 14 4 15
thu 05 32 18 35 51 41 38 29 26 27 35 46 15 20 19 15 18 28 19 23 30 26 20 20 22 39 11 16 1 1 0 18 1 3 4 0 38 17 38 7 10 67 57 21 17 11 13 14 27 32 37 37 47 37 48 36 31 4 33 52 8 57 0 43 19 0 11 1 62 43 33 36 3 0 0 0 0 23 1 25 54 74 24 61 14 10 16 16 2 8 1 15 12 18 14 27 15 11 9 2 51 30 59 29 38 13 73 44 35 30 21 68 55 59 80 29 34 32 18 64 67 21 27 39 0 19 36 36 45 86 45 47 33 37 26 29 11 49 54 67 70 64 15 15 55 4 0 25 21 28 32 27 30 26 22 31 0 27 27 86 6 0 0 24 21 5 0 9 3 3 5 6 7 10 11 23 22 21 22 13 33 29 21 23 24 30 32 0 0 20 31 79 31 11 8 0 9 2 11 0 0 0 2 34 33 15 24 27 0 0 87 4 8 6
thu 06 17 4 19 20 19 8 6 7 12 13 13 0 0 0 0 0 10 0 20 7 10 11 15 14 17 7 11 0 0 0 4 0 3 0 0 12 3 11 4 13 36 81 9 6 1 1 2 16 17 21 18 16 15 17 16 14 0 14 30 0 19 0 30 0 0 0 0 9 7 6 7 2 0 0 0 0 14 0 13 10 17 14 6 2 0 0 7 2 3 3 14 2 2 2 3 2 1 0 3 20 16 17 11 12 7 14 5 9 11 7 0 3 6 4 2 1 6 6 18 2 5 7 2 0 6 0 0 0 0 0 0 0 0 0 0 0 0 0 0 0 0 3 9 20 5 0 0 1 4 5 4 4 4 2 8 0 1 2 23 3 0 0 0 0 34 0 18 14 16 21 18 26 24 24 49 37 15 8 13 42 41 29 35 42 46 48 0 0 33 33 20 21 8 20 0 15 11 23 0 0 0 4 42 58 33 46 43 27 15 13 9 8 19
thu 07 7 0 5 8 5 3 3 2 10 17 3 0 0 0 0 0 4 0 9 5 2 6 10 2 14 11 10 0 0 0 7 0 5 0 0 2 0 2 0 3 6 20 0 0 0 0 0 4 5 6 13 10 9 8 7 8 0 3 6 0 7 0 5 1 0 2 0 4 2 5 21 0 0 0 0 0 7 0 9 6 9 3 4 0 0 2 2 0 0 0 4 0 0 0 0 0 0 0 1 8 7 10 4 5 0 27 5 8 7 7 3 9 12 12 9 8 14 7 14 3 7 8 8 0 0 0 0 0 2 2 2 1 2 2 3 0 0 2 5 2 3 8 7 7 0 0 0 1 4 5 4 4 5 3 19 0 0 0 14 0 0 0 0 0 0 0 0 0 0 0 0 0 0 0 4 8 5 14 8 23 23 22 9 7 10 20 0 0 12 25 118 5 0 0 0 0 1 11 0 3 0 0 25 27 6 6 7 0 0 14 0 0 0
thu 08 20 4 19 12 11 2 2 1 14 13 9 0 0 0 0 0 14 1 0 11 2 1 2 9 10 3 8 0 0 0 4 1 0 0 0 9 0 3 15 0 13 10 32 0 0 0 0 9 15 17 21 25 21 19 16 15 0 11 11 0 21 0 7 2 0 3 0 4 0 0 0 0 0 0 0 0 16 0 11 7 9 8 4 0 1 0 0 0 0 0 0 0 0 0 0 0 0 0 0 1 1 5 1 4 0 10 4 0 1 0 0 1 1 1 2 1 1 1 5 4 1 2 2 0 0 0 0 0 0 0 0 0 0 0 0 0 0 0 0 0 0 0 0 5 0 0 0 0 0 0 0 0 0 0 2 0 3 4 9 2 7 0 0 0 0 0 0 0 4 6 9 7 10 7 2 4 5 6 4 11 5 7 3 4 5 16 0 0 14 15 9 6 0 0 0 0 3 12 0 0 0 1 7 7 1 2 2 0 0 2 0 0 7
thu 09 0 3 4 4 3 1 1 1 2 2 2 1 2 1 2 2 4 1 0 1 1 1 2 2 5 3 4 0 0 0 6 0 2 0 0 8 0 0 0 0 10 26 0 0 0 0 0 3 6 6 5 2 2 2 1 2 0 4 8 0 1 0 11 3 0 1 0 0 0 0 0 0 0 0 0 0 0 0 2 14 25 11 4 0 0 0 0 0 0 0 0 0 0 0 0 0 0 0 0 4 5 0 5 0 0 22 4 6 5 6 0 5 5 5 1 1 5 4 0 4 1 1 1 0 0 0 0 0 0 0 0 0 0 0 0 0 0 0 0 0 0 5 6 3 0 0 0 0 3 6 4 5 4 4 8 0 3 3 2 0 0 0 0 0 0 0 0 1 6 9 10 9 10 12 8 1 5 5 6 2 4 3 3 4 5 5 0 0 2 1 0 0 0 0 0 0 0 0 0 0 0 0 5 4 2 6 11 7 2 9 0 1 10
thu 10 0 0 0 0 0 0 0 0 0 0 0 0 0 0 0 0 0 0 0 0 0 0 0 0 0 0 0 0 0 0 0 0 0 0 0 3 0 6 0 0 7 27 0 0 0 0 0 0 0 0 0 0 0 0 0 0 0 1 5 0 0 0 6 0 0 0 0 5 0 0 0 0 0 0 0 0 0 0 0 3 12 2 4 0 0 0 0 0 0 0 0 0 0 0 0 0 0 0 0 7 5 6 7 3 0 11 7 7 9 14 0 11 11 8 0 0 10 11 10 0 0 0 0 0 3 0 0 0 0 0 0 0 0 0 0 0 0 0 0 0 0 9 24 6 0 0 0 0 9 11 9 9 10 9 13 0 0 0 11 0 0 0 0 0 0 0 0 0 0 0 0 0 0 0 0 0 0 0 0 0 0 0 0 0 0 0 0 0 0 0 0 0 0 0 0 0 0 0 0 0 0 0 0 0 0 0 0 0 0 10 0 0 0
thu 11 0 0 0 0 0 0 0 0 0 0 0 0 0 0 0 0 0 0 0 0 0 0 0 0 0 0 0 0 0 0 0 0 0 0 0 0 0 0 0 0 0 0 0 0 0 0 0 0 0 0 0 0 0 0 0 0 0 0 0 0 0 0 0 0 0 0 0 0 0 0 0 0 0 0 0 0 0 0 0 0 0 0 0 0 0 0 0 0 0 0 0 0 0 0 0 0 0 0 0 0 0 0 0 0 0 0 0 0 0 0 0 0 0 0 0 0 0 0 0 0 0 0 0 0 0 0 0 0 0 0 0 0 0 0 0 0 0 0 0 0 0 0 0 0 0 0 0 0 0 0 0 0 0 0 0 0 0 0 0 0 0 0 0 0 0 0 0 0 0 0 0 0 0 0 0 0 0 0 0 0 0 0 0 0 0 0 0 0 0 0 0 0 0 0 0 0 0 0 0 0 0 0 0 0 0 0 0 0 0 0 0 0 0
thu 12 0 0 0 0 0 0 0 0 0 0 0 0 0 0 0 0 0 0 0 0 0 0 0 0 0 0 0 0 0 0 0 0 0 0 0 0 0 0 0 0 0 0 0 0 0 0 0 0 0 0 0 0 0 0 0 0 0 0 0 0 0 0 0 0 0 0 0 0 0 0 0 0 0 0 0 0 0 0 0 0 0 0 0 0 0 0 2 0 0 0 0 0 0 0 0 0 0 0 0 0 0 0 0 0 0 0 0 0 0 0 0 0 0 0 0 0 0 0 0 0 0 0 0 0 0 0 0 0 0 0 0 0 0 0 0 0 0 0 0 0 0 0 0 0 0 0 0 0 0 0 0 0 0 0 0 0 0 0 0 0 0 0 0 0 0 0 0 0 0 0 0 0 0 0 0 0 0 0 0 0 0 0 0 0 0 0 0 0 0 0 0 0 0 0 0 0 0 0 0 0 0 0 0 0 0 0 0 0 0 0 0 0 0
thu 13 0 0 0 0 0 0 0 0 0 0 0 0 0 0 0 0 0 0 0 0 0 0 0 0 0 0 0 0 0 0 0 0 0 0 0 0 0 0 0 0 0 0 0 0 0 0 0 0 0 0 0 0 0 0 0 0 0 0 0 0 0 0 0 0 0 0 0 0 0 0 0 0 0 0 0 0 0 0 0 0 0 0 0 0 0 0 0 0 0 0 0 0 0 0 0 0 0 0 0 0 0 0 0 0 0 0 0 0 0 0 0 0 0 0 0 0 0 0 0 0 0 0 0 0 0 0 0 0 0 0 0 0 0 0 0 0 0 0 0 0 0 0 0 0 0 0 0 0 0 0 0 0 0 0 0 0 0 0 0 0 0 0 0 0 0 0 0 0 0 0 0 0 0 0 0 0 0 0 0 0 0 0 0 0 0 0 0 0 0 0 0 0 0 0 0 0 0 0 0 0 0 0 0 0 0 0 0 0 0 0 0 0 0
thu 14 0 0 0 0 0 0 0 0 0 0 0 0 0 0 0 0 0 0 0 0 0 0 0 0 0 0 0 0 0 0 0 0 0 0 0 0 0 0 0 0 0 0 0 0 0 0 0 0 0 0 0 0 0 0 0 0 0 0 0 0 0 0 0 0 0 0 0 0 0 0 0 0 0 0 0 0 0 0 0 0 0 0 0 0 0 0 0 0 0 0 0 0 0 0 0 0 0 0 0 0 0 0 0 0 0 0 0 0 0 0 0 0 0 0 0 0 0 0 0 0 0 0 0 0 0 0 0 0 0 0 0 0 0 0 0 0 0 0 0 0 0 0 0 0 0 0 0 0 0 0 0 0 0 0 0 0 0 0 0 0 0 0 0 0 0 0 0 0 0 0 0 0 0 0 0 0 0 0 0 0 0 0 0 0 0 0 0 0 0 0 0 0 0 0 0 0 0 0 0 0 0 0 0 0 0 0 0 0 0 0 0 0 0
thu 15 0 0 0 0 0 0 0 0 0 0 0 0 0 0 0 0 0 0 0 0 0 0 0 0 0 0 0 0 0 0 0 0 0 0 0 0 0 0 0 0 0 0 0 0 0 0 0 0 0 0 0 0 0 0 0 0 0 0 0 0 0 0 0 0 0 0 0 0 0 0 0 0 0 0 0 0 0 0 0 0 0 0 0 0 0 0 1 0 0 0 0 0 0 0 0 0 0 0 0 0 0 0 0 0 0 0 0 0 0 0 0 0 0 0 0 0 0 0 0 0 0 0 0 0 0 0 0 0 0 0 0 0 0 0 0 0 0 0 0 0 0 0 0 0 0 0 0 0 0 0 0 0 0 0 0 0 0 0 0 0 0 0 0 2 0 0 0 0 0 0 0 0 0 0 0 0 0 0 0 0 0 0 0 0 0 0 0 0 0 0 0 0 0 0 0 0 0 0 0 0 0 0 0 0 0 0 0 0 0 0 0 0 0
thu 16 3 2 1 2 0 0 0 0 1 1 1 0 0 0 0 2 4 4 7 1 0 0 0 1 0 0 0 0 0 0 0 0 0 0 0 1 0 0 0 1 2 0 2 0 0 0 0 1 2 1 1 2 1 1 1 1 0 1 2 0 1 0 1 0 0 0 0 0 0 0 0 0 0 0 0 0 3 0 1 1 2 0 0 0 0 0 0 0 0 0 3 0 0 0 0 0 0 0 0 0 0 1 0 1 0 0 0 0 0 0 0 0 0 0 0 0 0 0 1 1 0 0 0 0 0 0 0 0 0 0 0 0 0 0 0 0 0 0 0 0 0 0 0 1 0 0 0 0 0 0 0 0 0 0 0 0 1 1 1 4 0 0 0 0 0 0 0 0 0 0 0 0 0 0 0 0 0 0 0 0 0 0 0 0 0 3 0 0 4 2 0 0 0 0 0 0 0 0 0 0 0 0 0 0 0 0 0 0 0 0 0 0 0
thu 17 0 0 22 20 10 5 20 12 0 5 8 10 0 0 0 0 0 0 0 0 9 7 4 8 6 24 15 0 0 0 8 0 0 0 0 8 3 19 9 0 39 166 36 15 10 14 12 15 20 24 16 18 20 23 16 15 0 15 25 0 21 0 15 2 0 3 0 17 14 13 14 0 0 0 0 0 0 0 0 16 9 17 8 15 0 0 12 7 9 5 0 21 10 14 24 7 11 9 1 13 13 4 13 1 0 13 14 14 10 0 9 7 8 9 0 0 0 0 7 0 0 0 0 0 0 0 0 0 22 5 7 7 5 6 6 0 3 7 12 6 7 0 0 8 7 0 0 0 0 0 0 0 0 0 0 0 0 0 6 15 0 0 1 0 0 0 0 0 0 0 0 0 0 0 0 0 0 0 0 0 0 0 0 0 0 0 0 0 0 0 0 0 0 0 0 0 0 0 0 0 0 0 0 0 0 0 0 0 0 14 0 0 0
thu 18 33 19 70 92 54 26 37 46 25 55 66 33 14 9 10 19 35 20 14 25 58 116 49 57 34 41 39 0 0 10 30 0 2 0 0 34 12 64 90 12 121 249 195 35 34 33 31 55 71 63 66 71 72 88 67 61 0 65 98 0 83 0 88 4 0 2 0 50 26 39 37 0 0 0 0 0 29 0 24 12 24 32 24 3 0 0 11 4 9 3 8 28 23 23 33 13 28 20 3 10 10 23 15 18 1 46 15 11 9 8 19 16 23 24 16 13 10 10 26 27 15 12 17 0 4 5 2 6 16 5 5 8 17 12 14 7 13 13 20 11 14 3 4 51 7 0 0 0 3 2 3 3 4 3 13 0 29 24 36 156 5 0 18 17 0 0 2 0 0 0 0 2 6 3 4 1 4 3 3 8 11 7 11 15 21 30 0 0 17 16 10 14 0 16 0 15 2 7 0 3 0 1 8 9 7 13 11 15 5 28 0 0 0
thu 19 124 14 124 128 102 48 58 68 96 91 115 31 38 16 14 25 86 30 32 81 98 93 57 101 91 18 47 0 0 0 38 0 4 0 0 72 30 75 12 17 280 738 103 41 38 45 64 112 128 143 141 143 145 161 132 113 0 115 151 0 144 0 104 6 0 22 0 70 44 42 38 1 0 0 0 0 90 0 77 29 33 70 21 20 2 6 6 11 7 4 19 25 35 25 16 5 70 26 13 45 42 25 41 20 0 92 40 71 41 34 70 61 63 76 43 39 24 22 30 9 32 34 40 0 7 11 10 19 30 9 21 22 27 26 44 19 328 42 56 40 37 20 12 77 8 74 26 14 19 37 33 28 35 35 34 0 9 8 42 68 0 0 350 163 2 0 3 2 4 29 8 16 42 21 24 18 14 17 17 46 58 34 72 71 72 147 0 0 116 92 59 103 36 60 0 57 22 50 0 21 0 7 35 39 24 32 21 48 2 80 9 5 10
thu 20 123 35 139 140 101 61 57 49 88 99 106 60 76 51 54 54 94 34 59 79 65 82 89 97 100 65 70 0 141 0 132 19 18 12 0 57 26 58 12 37 180 478 74 52 48 50 48 99 115 123 130 134 136 162 118 101 0 105 171 6 144 0 113 6 0 9 0 58 41 40 46 0 0 0 0 0 101 3 103 53 70 100 24 11 0 7 15 7 13 2 38 20 57 14 12 10 41 28 14 46 61 48 41 44 0 133 57 63 40 38 62 47 53 57 50 52 29 25 56 35 42 51 54 0 62 61 46 54 110 28 30 34 88 52 66 22 68 53 54 43 42 65 75 68 6 22 15 44 47 54 53 57 59 63 38 0 36 40 72 38 1 0 1477 298 12 0 14 8 11 16 20 20 31 25 30 27 11 12 12 39 64 45 70 72 98 157 0 0 102 104 77 72 12 44 0 21 38 97 0 16 0 15 53 48 42 52 41 25 10 81 16 4 19
thu 21 189 63 179 193 146 85 109 84 127 118 138 68 80 67 78 88 137 82 48 124 84 105 89 119 116 27 43 2 290 2 42 55 13 199 0 71 61 143 4 35 280 526 169 82 78 74 78 136 160 171 197 201 184 218 184 153 0 150 225 0 197 0 109 7 3 8 0 149 100 77 93 0 62 1 4 0 154 22 148 75 92 125 41 28 4 13 29 21 32 16 31 28 92 25 28 22 70 50 22 63 62 89 53 76 1 415 75 61 55 79 85 54 60 62 98 98 82 75 112 50 84 111 112 0 37 35 34 35 51 31 36 31 54 51 51 17 58 60 64 58 74 28 45 109 29 0 8 12 26 55 60 63 72 80 101 0 50 55 140 73 0 0 1517 265 7 0 0 9 20 21 24 32 41 28 32 11 30 25 25 80 88 60 114 103 126 192 0 0 105 111 486 86 27 47 0 29 33 77 0 11 0 33 72 63 48 65 45 28 9 112 5 2 24
thu 22 183 70 188 183 144 62 54 42 157 152 150 41 44 46 68 70 131 41 69 123 102 94 89 155 88 59 79 0 6 14 103 6 14 22 0 98 61 210 8 57 278 605 127 61 43 52 47 143 188 215 170 174 181 205 169 151 1 121 225 4 199 0 134 24 3 13 0 255 186 130 118 1 119 3 65 113 180 10 143 79 109 169 39 13 5 10 11 10 11 7 52 13 41 17 11 8 41 26 24 64 59 101 43 86 2 201 63 83 58 52 71 74 81 82 120 102 57 52 118 64 92 106 122 0 22 19 16 34 52 22 35 32 62 56 56 16 165 64 79 44 53 38 25 154 11 15 46 39 44 66 56 55 69 70 69 0 55 53 159 60 3 0 1153 399 4 0 7 11 25 15 14 17 30 25 46 32 23 23 20 78 100 104 90 103 131 214 0 0 158 129 77 82 21 31 0 31 55 88 0 26 0 19 83 88 55 64 50 31 19 112 8 9 19
thu 23 195 81 284 307 213 104 98 111 188 202 248 103 120 90 90 84 163 71 90 182 192 147 124 215 164 52 79 4 10 4 95 16 41 75 0 155 104 184 44 72 368 956 334 92 67 65 71 207 264 241 234 240 244 270 243 189 59 165 308 36 252 0 177 25 5 23 0 236 129 122 134 2 218 2 31 18 176 21 179 98 117 150 51 15 14 13 25 16 19 7 64 42 92 62 42 14 72 49 18 103 103 92 77 68 0 241 116 116 97 120 148 125 144 165 136 103 106 96 118 81 114 131 147 0 18 12 11 35 164 52 70 63 110 70 108 37 188 123 126 109 126 72 44 140 8 26 20 15 57 88 83 102 83 75 133 0 68 68 169 289 2 0 1482 184 14 0 14 20 18 19 33 48 55 38 49 32 39 58 39 159 212 148 179 177 201 375 0 0 297 164 69 112 49 62 0 47 75 156 0 7 0 41 149 149 102 128 114 111 20 190 13 10 39
fri 00 154 66 178 183 131 80 41 34 128 138 139 51 68 37 51 43 117 49 50 120 70 76 65 116 88 41 50 0 0 0 98 0 32 37 0 108 35 83 17 30 225 467 199 45 38 41 50 135 189 168 168 156 173 172 122 105 0 105 198 0 148 0 169 63 14 69 0 81 52 47 64 1 55 1 30 9 148 19 126 53 79 121 50 26 3 14 7 9 12 1 26 23 24 24 31 4 46 21 18 71 87 90 65 56 1 128 66 70 62 60 78 80 94 112 61 55 67 60 102 59 67 75 88 0 16 12 13 14 40 28 34 33 32 31 32 12 14 55 59 51 53 41 29 79 6 20 12 10 18 38 32 29 36 36 93 0 50 56 125 156 23 0 1419 162 18 0 17 3 5 7 6 12 21 36 41 18 31 32 19 83 107 79 104 115 120 307 0 0 120 125 138 84 56 70 0 46 93 92 0 12 0 55 99 97 75 94 74 37 3 134 4 10 9
fri 01 93 35 109 118 78 19 18 29 87 90 117 42 54 47 63 39 78 42 32 88 24 38 44 100 75 15 25 2 189 40 44 29 5 13 0 23 19 47 23 26 101 163 320 47 29 25 28 85 92 97 93 91 99 116 84 70 0 54 87 0 99 0 53 2 9 8 0 40 31 28 31 0 0 0 0 0 79 13 79 32 45 55 19 19 2 9 14 10 12 8 26 22 57 17 16 10 25 19 15 30 28 29 25 25 1 208 84 39 26 44 29 28 34 42 51 51 53 45 44 14 52 63 59 0 27 26 15 15 14 14 14 28 29 40 33 18 4 27 27 15 28 35 30 39 11 0 12 11 24 31 33 32 34 41 69 0 8 10 57 210 6 0 301 50 0 0 1 4 5 5 8 13 25 21 41 21 32 34 24 73 64 38 63 74 87 164 0 0 87 90 106 65 31 37 0 25 58 64 0 3 0 22 43 45 33 34 22 9 7 72 6 4 12
fri 02 177 72 185 195 150 77 57 43 141 147 168 38 39 65 56 52 133 47 55 135 72 91 77 166 77 51 73 0 196 54 68 11 14 15 0 67 28 53 30 59 220 353 205 56 34 32 39 137 132 155 147 137 152 186 149 147 0 108 180 0 195 0 99 6 17 6 0 59 42 38 45 0 0 0 2 0 151 8 153 60 91 82 39 14 7 28 10 9 23 5 47 12 11 13 36 5 29 12 38 16 16 46 17 36 0 64 16 17 14 45 65 46 57 68 85 80 54 51 52 59 79 96 89 0 54 23 11 18 46 21 33 33 40 39 33 9 26 46 38 37 54 30 65 69 11 4 0 0 28 33 34 38 50 48 67 0 51 48 80 99 11 0 788 60 90 0 26 5 12 15 16 24 44 38 81 54 54 59 58 130 123 75 138 144 158 286 0 0 212 172 111 131 58 33 0 40 109 130 0 9 0 41 77 69 38 38 32 11 8 68 8 10 21
fri 03 125 73 148 231 132 130 48 33 102 125 148 55 67 58 38 32 84 21 92 83 89 174 84 113 101 34 43 0 0 0 35 0 56 0 0 59 43 50 18 72 173 298 97 59 32 35 47 100 121 118 130 114 117 120 107 96 0 88 144 0 125 0 113 25 19 7 0 79 38 48 58 0 0 0 2 0 111 2 124 49 114 127 63 20 0 31 21 22 30 9 55 13 48 15 19 16 34 23 49 59 59 69 41 60 1 86 63 60 54 54 58 55 81 104 67 67 64 50 89 53 68 89 78 0 32 25 21 41 90 27 30 27 46 32 29 14 261 36 80 34 53 61 75 116 20 12 39 32 72 88 74 77 68 74 72 0 45 52 126 65 14 0 759 83 78 0 34 4 19 10 11 21 42 37 47 28 30 31 31 77 86 52 96 85 108 192 0 0 128 143 166 91 35 31 0 40 71 104 0 11 0 27 72 57 43 40 23 22 6 103 10 9 15
fri 04 81 33 63 76 68 38 22 22 57 71 97 16 17 19 19 28 57 16 29 55 29 64 67 77 79 70 77 3 30 2 134 3 6 2 0 24 16 31 1 25 87 213 82 29 17 19 26 43 52 59 68 52 56 63 52 42 0 39 78 0 62 0 35 5 18 1 0 54 21 19 25 1 0 0 0 1 69 2 73 57 117 82 59 14 6 60 16 17 27 5 22 24 39 16 37 13 25 15 8 32 28 50 31 17 4 50 24 18 31 16 19 16 22 25 42 45 18 13 52 69 46 48 53 0 16 14 9 11 17 9 10 13 21 14 14 7 41 16 25 17 15 33 30 33 20 6 33 25 33 40 31 27 35 32 22 0 20 24 127 64 0 0 67 22 77 0 45 15 40 22 25 32 44 42 56 38 18 19 17 98 74 59 81 74 90 151 0 0 73 71 37 25 28 48 0 12 32 35 0 5 0 22 79 84 28 44 40 3 6 35 20 14 25
fri 05 44 18 42 52 38 26 25 20 56 63 52 14 26 25 20 23 41 25 12 41 29 42 45 44 52 69 47 1 6 3 64 1 4 5 0 39 19 37 12 10 70 23 28 18 12 14 14 32 42 42 55 47 45 54 40 38 10 37 48 9 54 0 38 20 8 15 3 28 29 25 21 0 12 1 8 8 33 7 38 33 44 17 28 18 11 17 8 9 13 3 9 9 23 9 13 8 18 11 2 32 17 34 12 23 0 45 52 9 10 20 42 30 30 54 26 30 20 19 47 21 22 23 28 0 24 18 16 33 87 34 32 31 31 22 25 11 0 22 42 40 44 18 23 24 9 0 29 23 23 26 24 31 37 32 21 0 16 12 59 7 6 0 117 52 1 0 2 0 4 3 5 4 5 4 6 7 5 3 3 20 31 24 27 26 31 44 0 0 27 20 4 7 5 4 0 5 11 12 0 7 0 9 28 34 19 19 19 2 1 51 2 3 4
fri 06 28 19 23 20 20 10 13 7 26 24 16 23 13 15 12 14 30 15 6 23 19 28 32 15 57 22 41 2 0 2 16 0 4 1 0 18 15 13 0 7 39 55 36 9 7 7 8 16 20 23 27 31 33 30 24 23 4 12 27 7 29 0 20 4 0 6 0 17 3 6 13 0 3 2 0 1 22 2 21 32 39 32 45 13 10 15 9 12 22 5 6 10 14 12 41 8 10 8 8 31 32 39 24 26 0 48 40 13 22 10 1 10 16 32 12 8 12 13 42 27 8 10 10 0 2 2 2 3 10 8 8 9 6 4 4 3 0 2 6 3 5 8 12 48 16 0 0 2 8 11 8 9 13 8 17 0 20 25 59 16 0 0 225 40 46 0 3 1 13 8 8 19 15 12 25 20 8 11 6 21 31 28 20 32 37 40 0 0 20 20 1 21 7 9 0 7 12 13 0 9 0 8 26 36 14 29 31 13 8 39 4 51 10
fri 07 23 0 45 33 29 15 16 15 13 23 24 5 6 5 5 5 18 6 13 12 16 20 21 21 23 12 14 0 0 0 31 0 8 2 0 14 11 16 3 11 33 69 11 7 6 7 5 23 29 39 46 28 29 22 19 17 0 15 25 0 23 0 16 0 5 2 0 26 8 11 11 0 87 1 0 0 17 4 19 13 18 9 8 0 0 3 1 0 0 0 7 0 28 0 0 0 10 9 0 12 9 5 10 3 0 24 16 11 13 11 9 15 19 22 6 5 10 9 6 3 10 16 6 0 6 6 4 7 11 8 7 15 15 10 7 0 0 9 11 8 8 10 24 7 0 0 0 2 8 10 8 8 9 8 15 0 0 0 8 5 2 0 368 108 0 0 0 4 11 9 3 3 4 3 10 12 11 20 11 57 52 39 21 23 27 31 0 0 32 9 5 3 0 0 0 0 6 11 0 0 0 5 26 29 16 22 23 5 6 26 6 0 8
fri 08 7 2 6 8 4 0 0 0 8 9 8 0 0 0 0 0 5 0 8 6 2 6 11 8 20 14 21 0 0 0 66 0 10 0 0 7 5 11 0 2 16 62 7 8 7 8 7 5 6 7 15 19 15 16 10 14 0 8 17 0 15 0 13 3 0 1 0 15 5 4 7 0 0 0 0 0 5 0 9 20 16 16 8 0 0 1 0 0 0 0 1 5 22 0 0 0 6 12 0 9 7 9 5 4 0 30 9 7 7 9 4 10 9 11 5 3 8 10 14 1 3 4 5 0 4 0 0 0 0 0 4 4 4 6 5 3 0 4 6 2 5 5 9 6 0 0 0 1 5 6 4 6 4 6 12 0 1 1 12 31 0 0 461 103 3 0 2 2 3 5 4 3 4 6 17 11 9 9 6 14 17 11 17 16 19 13 0 0 4 2 2 0 0 0 0 0 0 0 0 3 0 0 18 51 22 35 35 6 2 12 4 2 3
fri 09 1 2 0 0 0 0 0 0 0 0 0 0 0 0 0 0 0 0 0 0 0 0 0 0 0 0 0 0 0 0 0 0 0 0 0 6 0 0 0 0 10 9 0 0 0 0 0 0 0 0 0 0 0 0 0 0 0 1 9 0 0 0 10 0 0 0 0 0 0 0 0 0 0 0 0 0 1 0 6 0 8 5 4 0 0 0 4 0 0 0 0 0 0 0 0 0 0 0 0 7 6 4 6 6 0 19 6 8 7 10 0 6 10 11 6 3 12 10 6 1 3 3 5 0 0 0 0 0 0 0 0 0 0 0 0 0 0 0 0 0 0 8 10 11 0 0 0 1 6 9 7 8 10 5 15 0 2 2 7 0 0 0 0 0 0 0 0 0 0 0 0 0 0 0 0 0 0 0 0 4 6 6 5 6 8 7 0 0 0 0 0 0 0 0 0 0 0 0 0 0 0 0 8 10 6 7 8 0 0 13 0 0 0
fri 10 0 0 0 0 0 0 0 0 0 0 0 0 0 0 0 0 0 0 0 0 0 0 0 0 0 0 0 0 0 0 0 0 2 0 0 3 0 0 0 0 6 22 0 0 0 0 0 0 0 0 0 0 0 0 0 0 0 1 4 0 0 0 5 0 0 0 0 0 0 0 0 0 0 0 0 0 0 0 0 0 8 4 2 0 0 0 1 0 0 0 0 0 0 0 0 0 0 0 0 2 2 4 0 2 0 3 4 1 3 4 0 3 1 3 0 0 1 2 5 0 0 0 0 0 3 0 0 0 0 0 0 0 0 0 0 0 0 0 0 0 0 2 7 4 0 0 0 0 2 2 2 3 3 2 3 0 0 0 5 0 0 0 0 0 1 0 1 1 0 1 1 1 2 2 5 8 8 9 7 13 8 7 2 2 2 3 0 0 2 0 0 0 0 0 0 0 0 0 0 0 0 0 8 12 7 5 5 2 0 4 3 0 1
fri 11 0 0 0 0 0 0 0 0 0 0 0 0 0 0 0 0 0 0 0 0 0 0 0 0 0 0 0 0 0 0 0 0 0 0 0 0 0 0 0 0 0 0 0 0 0 0 0 0 0 0 0 0 0 0 0 0 0 0 0 0 0 0 0 0 0 0 0 0 0 0 0 0 0 0 0 0 0 0 0 0 0 0 0 0 0 0 0 0 0 0 0 0 0 0 0 0 0 0 0 0 0 0 0 0 0 0 0 0 0 0 0 0 0 0 0 0 0 0 0 0 0 0 0 0 0 0 0 0 0 0 0 0 0 0 0 0 0 0 0 0 0 0 0 0 0 0 0 0 0 0 0 0 0 0 0 0 0 0 0 0 0 0 0 1 0 0 0 0 0 0 0 0 0 0 0 0 0 0 0 0 0 0 0 0 0 0 0 0 0 0 0 0 0 0 0 0 0 0 0 0 0 0 0 0 0 0 0 0 0 0 0 0 0
fri 12 0 0 0 0 0 0 0 0 0 0 0 0 0 0 0 0 0 0 0 0 0 0 0 0 0 0 0 0 0 0 0 0 0 0 0 0 0 0 0 0 0 0 0 0 0 0 0 0 0 0 0 0 0 0 0 0 0 0 0 0 0 0 0 0 0 0 0 0 0 0 0 0 0 0 0 0 0 0 0 0 0 0 0 0 0 0 0 0 0 0 0 0 0 0 0 0 0 0 0 0 0 0 0 0 0 0 0 0 0 0 0 0 0 0 0 0 0 0 0 0 0 0 0 0 0 0 0 0 0 0 0 0 0 0 0 0 0 0 0 0 0 0 0 0 0 0 0 0 0 0 0 0 0 0 0 0 0 0 0 0 0 0 0 0 0 0 0 0 0 0 0 0 0 0 0 0 0 0 0 0 0 0 0 0 0 0 0 0 0 0 0 0 0 0 0 0 0 0 0 0 0 0 0 0 0 0 0 0 0 0 0 0 0
fri 13 0 0 0 0 0 0 0 0 0 0 0 0 0 0 0 0 0 0 0 0 0 0 0 0 0 0 0 0 0 0 0 0 0 0 0 0 0 0 0 0 0 0 0 0 0 0 0 0 0 0 0 0 0 0 0 0 0 0 0 0 0 0 0 0 0 0 0 0 0 0 0 0 0 0 0 0 0 0 0 0 0 0 0 0 0 0 1 0 0 0 0 0 0 0 0 0 0 0 0 0 0 0 0 0 0 0 0 0 0 0 0 0 0 0 0 0 0 0 0 0 0 0 0 0 0 0 0 0 0 0 0 0 0 0 0 0 0 0 0 0 0 0 0 0 0 0 0 0 0 0 0 0 0 0 0 0 0 0 0 0 0 0 0 1 0 0 0 0 0 0 0 0 0 0 0 0 0 0 0 0 0 0 0 0 0 0 0 0 0 0 0 0 0 0 0 0 0 0 0 0 0 0 0 0 0 0 0 0 0 0 0 0 0
fri 14 0 0 0 0 0 0 0 0 0 0 0 0 0 0 0 0 0 0 0 0 0 0 0 0 0 0 0 0 0 0 0 0 0 0 0 0 0 0 0 0 0 0 0 0 0 0 0 0 0 0 0 0 0 0 0 0 0 0 0 0 0 0 0 0 0 0 0 0 0 0 0 0 0 0 0 0 0 0 0 0 0 0 0 0 0 0 0 0 0 0 0 0 0 0 0 0 0 0 0 0 0 0 0 0 0 0 0 0 0 0 0 0 0 0 0 0 0 0 0 0 0 0 0 0 0 0 0 0 0 0 0 0 0 0 0 0 0 0 0 0 0 0 0 0 0 0 0 0 0 0 0 0 0 0 0 0 0 0 0 0 0 0 0 0 0 0 0 0 0 0 0 0 0 0 0 0 0 0 0 0 0 0 0 0 0 0 0 0 0 0 0 0 0 0 0 0 0 0 0 0 0 0 0 0 0 0 0 0 0 0 0 0 0
fri 15 0 0 0 0 0 0 0 0 0 0 0 0 0 0 0 0 0 0 0 0 0 0 0 0 0 0 0 0 0 0 0 0 0 0 0 0 0 0 0 0 0 0 0 0 0 0 0 0 0 0 0 0 0 0 0 0 0 0 0 0 0 0 0 0 0 0 0 0 0 0 0 0 0 0 0 0 0 0 0 0 0 0 0 0 0 0 0 0 0 0 0 0 0 0 0 0 0 0 0 0 0 0 0 0 0 0 0 0 0 0 0 0 0 0 0 0 0 0 0 0 0 0 0 0 0 0 0 0 0 0 0 0 0 0 0 0 0 0 0 0 0 0 0 0 0 0 0 0 0 0 0 0 0 0 0 0 0 0 0 0 0 0 0 0 0 0 0 0 0 0 0 0 0 0 0 0 0 0 0 0 0 0 0 0 0 0 0 0 0 0 0 0 0 0 0 0 0 0 0 0 0 0 0 0 0 0 0 0 0 0 0 0 0
fri 16 0 0 2 3 3 4 2 3 0 0 0 0 0 0 0 0 0 0 0 0 4 2 0 0 0 0 0 0 0 0 0 0 0 0 0 2 0 0 0 0 0 0 0 0 0 0 0 3 3 3 3 2 4 3 3 2 0 0 0 0 3 0 5 2 0 1 0 0 0 0 0 0 0 0 0 0 0 0 0 1 6 6 5 0 0 0 0 0 0 0 0 0 0 0 0 0 0 0 0 0 0 2 1 3 0 0 0 0 0 0 0 0 0 0 0 0 0 0 3 4 0 0 0 0 0 0 0 0 0 0 0 0 0 0 0 0 0 0 0 0 0 0 0 4 0 0 0 0 0 0 0 0 0 0 0 0 0 0 4 0 0 0 0 0 0 0 0 0 0 0 0 0 0 0 0 0 0 0 0 0 0 0 0 0 0 0 0 0 0 0 0 0 0 0 0 0 0 0 0 0 0 0 0 0 0 0 0 0 0 0 0 0 0
fri 17 0 0 2 2 2 2 2 2 0 0 0 0 0 0 0 0 0 0 0 0 2 0 0 0 0 0 0 0 0 0 0 0 0 0 0 2 1 5 3 0 8 20 15 5 6 6 4 1 1 1 2 1 1 2 2 1 0 1 5 0 1 0 5 0 0 0 0 5 4 4 4 0 0 0 0 0 0 0 0 1 2 4 4 8 0 0 4 5 4 2 0 6 4 6 11 3 4 4 2 4 6 0 5 0 0 10 4 7 5 0 1 1 1 1 0 0 0 0 0 0 0 0 0 0 0 0 0 0 2 1 1 2 1 1 1 0 0 1 2 1 1 0 0 3 4 0 0 0 0 0 0 0 0 0 0 0 0 0 0 9 3 0 1 0 0 0 0 0 0 0 0 0 0 0 0 0 0 0 0 0 0 0 0 0 0 0 0 0 0 0 0 0 0 0 0 0 0 0 0 0 0 0 0 0 0 0 0 0 0 7 0 0 0
fri 18 29 17 43 42 23 7 7 5 28 24 36 0 0 0 0 5 30 7 11 22 16 24 12 30 9 9 11 0 0 0 12 0 0 0 0 44 9 46 81 10 121 582 211 27 24 24 37 34 34 41 40 49 51 58 46 38 0 43 86 1 47 0 61 108 2 5 0 37 21 22 27 0 0 0 0 0 20 0 17 22 46 71 32 7 3 4 6 7 6 7 7 18 11 18 19 5 23 13 4 18 18 20 25 23 0 19 16 32 15 6 23 16 19 18 4 3 5 6 23 16 5 3 4 0 0 0 0 1 3 0 2 3 18 20 15 6 0 20 26 17 21 0 0 79 9 0 0 0 0 0 0 0 0 1 8 0 13 18 34 122 37 0 8 2 0 0 3 0 0 0 0 6 10 7 12 3 9 7 6 14 19 9 18 20 25 35 0 0 40 17 0 0 0 0 0 0 3 4 0 3 0 3 10 9 9 11 3 13 0 28 0 0 0
fri 19 108 13 141 186 109 46 35 31 74 72 100 24 19 26 38 33 84 41 37 66 51 41 21 94 43 23 30 2 0 2 75 0 89 1 0 42 12 49 11 18 227 643 91 28 26 27 32 110 185 111 120 130 134 147 117 106 0 97 144 10 137 0 68 2 7 4 0 49 22 25 23 0 9 1 0 0 90 1 71 40 78 73 81 11 48 69 6 4 3 1 17 18 19 22 103 5 20 17 4 32 42 40 53 20 4 46 25 35 28 27 35 30 38 36 40 37 45 29 46 35 34 33 39 0 14 13 16 14 16 11 12 18 32 37 29 11 34 35 42 93 96 15 9 88 3 3 2 1 13 24 18 22 21 29 65 0 27 36 58 43 18 0 164 14 2 0 7 7 6 9 15 30 27 20 25 15 12 11 9 36 46 33 39 48 57 128 0 0 111 100 45 53 36 41 0 46 58 52 0 2 0 30 36 37 32 37 26 58 5 42 8 3 14
fri 20 106 42 120 129 98 60 48 55 91 89 117 10 13 13 43 44 92 58 60 81 79 49 99 92 55 36 52 6 0 5 71 0 120 3 0 49 21 43 0 44 174 388 106 28 17 19 21 91 151 103 108 102 106 124 102 85 0 85 153 23 114 0 103 8 22 17 0 47 26 31 29 1 46 1 0 0 86 4 65 38 63 60 34 21 0 6 13 12 14 9 45 16 10 16 28 17 16 10 4 26 32 54 25 51 0 44 24 30 37 35 63 34 42 46 39 37 33 32 57 40 34 40 41 0 18 12 12 20 63 45 39 49 84 45 38 16 23 42 38 23 38 41 28 75 17 0 9 6 33 36 36 34 41 44 38 0 41 48 84 150 0 0 146 16 2 0 4 4 10 12 11 15 36 25 32 24 17 20 17 57 56 30 57 65 77 122 0 0 89 79 88 46 32 26 0 32 63 76 0 90 0 19 36 37 31 50 38 49 5 55 5 3 11
fri 21 215 37 169 179 167 240 53 30 163 168 201 47 44 50 88 57 149 70 66 157 59 78 49 155 83 33 70 0 12 5 67 5 25 0 0 58 46 58 4 59 185 507 69 53 25 26 23 130 155 150 144 127 137 157 120 111 2 98 181 5 145 0 91 6 17 4 0 64 49 51 61 0 150 0 2 1 152 0 140 70 73 93 16 0 5 13 8 3 7 0 43 9 22 6 7 5 17 13 14 42 40 62 25 55 2 111 49 43 38 73 59 47 57 68 100 94 65 56 71 31 101 108 136 0 34 36 31 30 37 21 22 35 39 43 38 19 28 41 46 30 42 49 33 76 0 17 17 14 55 92 86 82 89 89 87 0 20 30 93 30 10 0 178 19 3 0 3 6 19 28 27 73 60 49 47 32 26 26 20 89 108 85 106 119 140 218 0 0 151 179 138 98 30 61 0 47 121 125 0 2 0 37 166 93 64 76 65 22 5 79 5 5 38
fri 22 152 44 180 224 211 206 45 37 144 153 161 49 58 63 64 43 115 46 43 145 57 62 50 137 86 68 118 2 73 2 123 87 11 1 0 69 55 173 19 40 215 501 117 66 24 22 27 118 170 160 131 142 144 157 127 119 0 101 175 6 149 0 121 15 5 8 0 177 99 61 75 0 149 0 68 11 129 2 144 88 78 102 49 11 0 20 1 8 8 2 20 8 20 12 2 1 20 13 18 56 61 77 43 72 1 197 68 81 51 45 64 61 82 95 90 82 62 44 88 39 80 103 90 0 26 18 12 12 18 14 12 42 76 34 28 14 29 45 38 26 37 125 63 103 9 26 37 23 37 57 51 56 67 70 73 0 38 35 106 46 31 0 144 15 2 0 2 11 13 12 68 42 43 26 42 31 35 39 31 90 91 50 88 102 135 239 0 0 143 130 59 79 37 58 0 27 67 82 0 0 0 34 61 52 30 40 31 23 9 105 10 2 55
fri 23 255 107 275 292 214 143 84 115 234 239 283 81 110 89 96 73 197 68 134 230 142 102 85 239 129 57 89 0 45 27 118 33 37 2 0 118 77 123 47 95 376 787 298 65 49 45 51 187 226 239 231 247 258 290 234 178 8 168 306 0 258 0 194 14 20 10 0 146 110 202 114 0 165 4 52 24 223 4 199 98 134 161 64 33 4 19 25 18 33 18 91 31 33 34 30 17 51 26 18 97 112 136 67 81 2 647 127 113 87 102 113 86 121 149 130 113 108 90 148 117 112 141 132 0 40 28 20 21 64 51 51 68 69 70 61 30 106 71 102 63 76 64 64 147 23 27 31 31 57 92 86 111 99 89 127 0 99 103 203 306 37 0 1376 253 52 0 18 20 26 61 47 37 61 54 56 34 38 48 49 158 185 151 178 175 214 346 0 0 212 165 64 96 32 55 0 22 88 100 0 3 0 33 191 178 123 147 132 99 37 198 32 7 56
sat 00 92 27 71 86 77 31 27 26 82 101 114 30 27 28 33 41 69 17 41 63 36 34 37 94 61 23 35 0 0 0 36 0 20 0 0 24 7 23 0 33 100 150 64 14 13 15 13 46 52 64 70 58 65 78 60 48 6 43 81 0 68 0 34 4 1 2 0 26 12 12 13 2 0 2 0 0 91 0 90 21 30 35 15 7 0 11 10 5 10 6 31 4 23 3 11 8 9 12 1 11 11 24 6 21 1 33 16 10 6 16 12 17 23 31 20 18 14 12 31 23 42 37 36 0 8 10 8 9 17 13 12 11 10 8 10 6 26 13 16 10 13 19 10 37 7 4 0 0 3 5 5 5 5 5 20 0 22 23 39 118 0 0 740 69 1 0 7 6 8 7 9 11 21 16 19 15 15 17 16 60 59 44 55 70 78 124 0 0 71 70 68 39 9 23 0 14 29 36 0 0 0 13 45 52 38 41 30 27 4 26 3 4 11
sat 01 72 36 59 135 69 32 14 10 65 89 159 9 7 8 25 31 48 40 47 66 19 27 25 93 19 39 38 0 0 21 78 0 8 0 0 41 7 14 18 32 82 140 72 15 13 14 17 49 47 51 49 56 56 69 54 42 0 37 82 0 56 0 83 5 1 4 0 19 15 14 17 2 0 0 0 0 59 0 50 13 46 40 24 4 0 2 6 2 6 1 17 9 19 9 15 6 10 8 2 15 16 23 10 22 0 35 15 16 10 21 30 20 23 27 38 42 25 21 32 35 40 54 63 0 6 4 3 6 8 2 12 24 17 12 22 4 171 22 39 18 22 26 7 55 2 81 17 12 17 37 36 33 38 45 28 0 27 26 44 77 6 0 730 69 2 0 6 1 8 8 9 13 24 15 35 33 26 27 21 47 33 17 27 35 45 70 0 0 46 52 55 33 21 25 0 20 16 22 0 1 0 12 10 12 9 10 5 21 3 38 1 8 17
sat 02 118 68 125 247 160 74 54 59 133 137 206 52 53 58 64 60 94 65 56 112 77 74 51 194 76 40 58 4 11 36 78 1 9 61 0 65 20 54 18 40 177 434 141 34 36 36 39 85 105 108 130 129 137 141 105 100 0 106 158 63 142 0 93 11 0 15 54 56 31 26 31 0 0 0 0 0 102 15 120 65 103 83 35 22 4 9 12 10 14 6 39 24 49 11 23 12 37 32 2 36 36 63 34 57 1 72 35 36 31 86 63 58 67 77 85 75 81 63 76 57 59 77 81 0 27 25 24 26 34 25 34 39 33 25 27 10 87 31 30 24 28 85 85 71 14 85 18 17 46 69 59 52 65 64 98 0 54 59 99 116 8 0 1035 224 4 1 3 5 10 16 20 24 33 24 32 23 26 30 22 63 94 68 104 104 144 201 0 0 108 104 43 56 35 50 0 34 91 41 0 4 0 21 74 101 68 76 69 48 17 80 10 3 22
sat 03 157 74 117 171 114 58 52 45 158 153 122 20 28 24 48 53 160 45 49 88 67 72 50 112 68 20 42 3 0 2 79 0 14 8 0 62 34 55 10 29 147 497 115 68 56 51 41 87 110 116 140 91 99 99 78 75 0 68 136 0 91 0 104 33 6 6 0 82 50 45 50 2 0 0 0 0 120 6 119 46 116 102 58 6 0 10 19 19 28 6 34 18 35 19 108 12 31 27 6 37 35 72 16 48 1 110 52 30 31 78 65 50 63 81 70 68 51 51 94 67 62 75 90 0 21 15 8 108 83 28 33 44 37 17 18 6 61 30 22 22 30 57 38 74 8 18 43 36 60 61 58 77 71 58 57 0 49 51 119 33 0 0 433 48 77 0 32 7 14 16 15 29 36 40 35 25 18 22 24 82 84 57 98 101 130 226 0 0 206 116 46 148 62 89 0 35 142 105 0 0 0 62 83 73 49 62 61 86 57 68 33 7 31
sat 04 63 33 46 48 51 39 45 34 35 44 53 6 6 6 4 7 38 5 17 30 33 88 50 52 51 21 33 0 5 0 27 2 8 0 0 40 28 51 24 13 76 176 45 52 20 22 24 32 37 54 75 52 46 39 36 34 9 32 59 5 60 0 44 13 0 15 0 81 41 31 34 0 0 0 0 0 50 0 56 98 136 81 85 20 30 97 6 6 14 1 16 48 57 55 78 3 18 17 1 54 64 79 51 43 2 61 52 41 41 34 52 46 44 58 42 37 27 22 93 101 36 44 39 0 19 12 13 17 33 26 30 41 36 30 27 19 1 32 42 49 42 48 27 81 9 0 26 24 41 47 76 60 59 49 29 0 34 37 156 45 6 0 661 295 99 0 45 8 11 13 14 23 30 51 78 37 52 244 82 143 67 47 61 63 90 122 0 0 63 58 28 56 10 67 0 17 79 56 0 0 0 13 81 88 26 51 51 21 16 68 45 2 17
sat 05 13 6 14 25 19 10 11 10 14 27 21 3 8 9 11 14 14 11 14 17 10 8 11 18 27 8 26 0 1 0 16 2 12 0 0 20 54 32 0 13 31 28 10 22 14 12 13 13 22 19 16 14 19 24 18 18 3 17 31 4 23 0 28 5 0 8 0 50 26 32 50 0 0 0 0 0 18 0 24 41 42 20 25 12 2 8 15 10 13 10 13 17 18 20 35 13 13 13 1 31 28 15 30 8 1 62 33 23 25 11 9 15 18 19 23 17 18 13 20 6 19 22 26 0 19 18 9 12 23 5 8 3 7 4 5 5 0 8 10 6 7 25 30 18 18 0 20 18 25 31 23 34 28 31 18 0 1 1 22 1 0 0 38 24 13 0 11 5 8 6 11 16 16 21 29 28 13 13 14 41 37 36 24 22 28 31 0 0 19 17 10 15 1 17 0 9 10 22 0 1 0 3 38 36 23 33 30 13 2 36 10 8 10
sat 06 9 0 8 6 5 1 2 2 6 6 6 0 0 0 0 0 6 0 10 7 2 3 2 4 1 2 2 0 0 0 2 0 4 0 0 9 0 5 8 7 13 64 5 0 0 0 0 4 6 6 7 7 9 11 11 7 0 3 10 0 12 0 14 0 0 0 0 6 0 0 0 0 0 0 0 0 6 0 10 16 20 14 18 0 0 6 0 0 0 0 6 0 0 0 0 0 0 0 0 26 15 4 13 5 0 20 14 8 9 5 8 14 12 18 9 7 7 8 4 0 11 10 8 0 1 1 1 1 2 2 1 3 7 5 4 2 3 8 5 4 5 3 2 7 0 0 0 0 1 1 1 1 2 1 9 0 0 0 4 3 0 0 0 0 24 0 4 4 1 4 4 2 5 2 7 11 5 7 7 14 9 7 6 8 10 11 0 0 3 5 13 8 0 3 0 3 19 12 0 0 0 0 9 14 8 16 25 14 2 11 4 7 5
sat 07 8 4 10 8 8 1 1 1 7 8 10 2 1 1 2 2 9 1 15 8 0 1 1 12 4 3 4 0 0 0 3 0 5 0 0 11 0 9 12 12 24 83 36 0 0 0 0 6 7 11 13 13 12 12 11 8 0 9 20 0 10 0 16 1 0 0 0 7 1 1 0 0 0 0 0 0 7 0 15 0 7 10 1 0 0 0 5 0 0 0 11 0 0 0 0 0 0 0 1 5 3 2 3 2 0 5 3 5 4 3 2 3 3 4 7 8 2 1 2 3 8 9 7 0 3 1 2 8 2 1 2 2 6 6 4 3 0 2 2 2 2 8 8 5 0 0 0 0 4 3 9 11 12 10 2 0 4 4 3 11 0 0 0 1 4 0 2 0 0 0 0 0 0 5 17 12 6 6 5 13 12 12 11 10 13 17 0 0 10 14 64 4 0 0 0 0 11 17 0 0 0 5 18 12 5 5 6 0 0 4 0 0 0
sat 08 4 0 3 2 1 0 0 0 3 2 3 0 0 0 0 0 3 0 4 3 0 0 0 2 0 0 0 0 0 0 0 0 0 0 0 1 0 9 4 4 13 14 25 2 2 3 2 2 2 2 7 6 6 8 7 6 0 5 8 0 6 0 4 1 0 0 0 5 2 2 4 0 0 0 0 0 4 0 2 5 12 4 6 0 0 2 3 0 0 0 5 0 3 0 0 0 2 1 0 3 3 1 5 0 0 6 3 3 4 11 7 9 7 15 2 3 9 9 1 2 2 2 2 0 4 5 5 7 9 9 8 8 10 7 7 4 0 8 8 9 7 11 29 0 0 0 0 2 7 8 7 6 8 7 10 0 1 2 2 6 1 0 5 1 1 0 0 0 0 0 0 0 0 0 2 2 3 4 3 10 10 11 4 6 7 7 0 0 4 3 1 0 0 0 0 0 0 3 0 0 0 1 28 17 5 7 6 5 0 15 0 0 0
sat 09 0 0 2 2 1 0 0 0 0 1 2 0 0 0 0 0 0 0 0 0 0 0 0 2 0 0 0 0 0 0 0 0 0 0 0 3 0 0 0 0 3 21 0 0 0 0 0 2 1 7 2 2 2 1 6 2 0 0 4 0 1 0 7 0 0 1 0 0 0 0 0 0 0 0 0 0 0 0 0 0 10 18 10 0 0 0 1 0 0 0 0 0 0 0 0 0 0 0 0 4 4 0 5 0 0 6 5 3 4 5 0 2 5 4 0 0 4 2 0 0 0 0 0 0 5 0 0 0 0 0 0 0 0 0 0 0 0 0 0 0 0 18 14 8 0 0 0 0 4 7 5 4 5 3 6 0 0 0 0 0 0 0 0 0 0 0 0 0 0 0 0 0 0 0 0 0 0 0 0 0 0 0 0 0 0 0 0 0 0 0 0 0 0 0 0 0 0 0 0 0 0 0 0 0 0 0 0 0 0 7 0 0 0
sat 10 2 0 1 2 1 0 0 0 1 1 2 0 0 0 0 0 2 0 0 1 0 0 0 1 0 0 0 0 0 0 0 0 0 0 0 1 0 0 0 0 0 0 0 0 0 0 0 1 2 1 2 2 2 1 1 1 0 0 0 0 2 0 3 0 0 0 0 0 0 0 0 0 0 0 0 0 1 0 1 0 0 1 2 0 0 0 2 0 0 0 0 0 0 0 0 0 0 0 0 0 0 0 0 0 0 0 0 0 0 0 0 0 0 0 0 0 0 0 0 0 0 0 0 0 0 0 0 0 0 0 0 0 0 0 0 0 0 0 0 0 0 0 0 5 0 0 0 0 0 0 0 0 0 0 0 0 0 0 0 0 0 0 0 0 0 0 0 0 0 0 0 0 0 0 0 0 0 0 0 1 1 1 1 1 1 1 0 0 0 0 0 0 0 0 0 0 0 0 0 0 0 0 2 1 0 0 0 0 0 0 0 0 0
sat 11 0 0 0 0 0 0 0 0 0 0 0 0 0 0 0 0 0 0 1 0 0 0 0 0 0 0 0 0 0 0 0 0 0 0 0 2 0 0 0 1 4 6 0 0 0 0 0 0 0 0 0 0 0 0 0 0 0 0 5 0 0 0 4 0 0 0 0 0 0 0 0 0 0 0 0 0 0 0 0 0 6 3 2 0 0 0 0 0 0 0 1 0 0 0 0 0 0 0 0 1 1 4 0 4 0 4 2 1 1 3 0 1 2 2 0 0 3 3 4 0 0 0 0 0 0 0 0 0 0 0 0 0 0 0 0 0 0 0 0 0 0 2 3 2 0 0 0 0 3 2 3 2 3 2 4 0 0 0 5 0 0 0 0 0 1 0 0 0 0 0 0 0 0 0 1 1 1 1 1 3 2 1 0 0 0 0 0 0 0 0 0 0 0 0 0 0 0 0 0 0 0 0 3 1 0 0 0 0 0 2 0 0 0
sat 12 0 0 0 0 0 0 0 0 0 0 0 0 0 0 0 0 0 0 0 0 0 0 0 0 0 0 0 0 0 0 0 0 0 0 0 0 0 0 0 0 0 0 0 0 0 0 0 0 0 0 0 0 0 0 0 0 0 0 0 0 0 0 0 0 0 0 0 0 0 0 0 0 0 0 0 0 0 0 0 0 0 0 0 0 0 0 3 0 0 0 0 0 0 0 0 0 0 0 0 0 0 0 0 0 0 1 0 0 0 0 0 0 0 0 0 0 0 0 0 0 0 0 0 0 0 0 0 0 0 0 0 0 0 0 0 0 0 0 0 0 0 0 0 0 0 0 0 0 0 0 0 0 0 0 0 0 0 0 0 0 0 0 0 1 0 0 0 0 0 0 0 0 0 0 0 0 0 0 0 0 0 0 0 0 0 0 0 0 0 0 0 0 0 0 0 0 0 0 0 0 0 0 0 0 0 0 0 0 0 0 0 0 0
sat 13 0 0 0 0 0 0 0 0 0 0 0 0 0 0 0 0 0 0 0 0 0 0 0 0 0 0 0 0 0 0 0 0 0 0 0 0 0 0 0 0 0 0 0 0 0 0 0 0 0 0 0 0 0 0 0 0 0 0 0 0 0 0 0 0 0 0 0 0 0 0 0 0 0 0 0 0 0 0 0 0 0 0 0 0 0 0 0 0 0 0 0 0 0 0 0 0 0 0 0 0 0 0 0 0 0 0 0 0 0 0 0 0 0 0 0 0 0 0 0 0 0 0 0 0 0 0 0 0 0 0 0 0 0 0 0 0 0 0 0 0 0 0 0 0 0 0 0 0 0 0 0 0 0 0 0 0 0 0 0 0 0 0 0 0 0 0 0 0 0 0 0 0 0 0 0 0 0 0 0 0 0 0 0 0 0 0 0 0 0 0 0 0 0 0 0 0 0 0 0 0 0 0 0 0 0 0 0 0 0 0 0 0 0
sat 14 0 0 0 0 0 0 0 0 0 0 0 0 0 0 0 0 0 0 0 0 0 0 0 0 0 0 0 0 0 0 0 0 0 0 0 0 0 0 0 0 0 0 0 0 0 0 0 0 0 0 0 0 0 0 0 0 0 0 0 0 0 0 0 0 0 0 0 0 0 0 0 0 0 0 0 0 0 0 0 0 0 0 0 0 0 0 0 0 0 0 0 0 0 0 0 0 0 0 0 0 0 0 0 0 0 0 0 0 0 0 0 0 0 0 0 0 0 0 0 0 0 0 0 0 0 0 0 0 0 0 0 0 0 0 0 0 0 0 0 0 0 0 0 0 0 0 0 0 0 0 0 0 0 0 0 0 0 0 0 0 0 0 0 0 0 0 0 0 0 0 0 0 0 0 0 0 0 0 0 0 0 0 0 0 0 0 0 0 0 0 0 0 0 0 0 0 0 0 0 0 0 0 0 0 0 0 0 0 0 0 0 0 0
sat 15 0 0 0 0 0 0 0 0 0 0 0 0 0 0 0 0 0 0 0 0 0 0 0 0 0 0 0 0 0 0 0 0 0 0 0 0 0 0 0 0 0 0 0 0 0 0 0 0 0 0 0 0 0 0 0 0 0 0 0 0 0 0 0 0 0 0 0 0 0 0 0 0 0 0 0 0 0 0 0 0 0 0 0 0 0 0 1 0 0 0 0 0 0 0 0 0 0 0 0 0 0 0 0 0 0 0 0 0 0 0 0 0 0 0 0 0 0 0 0 0 0 0 0 0 0 0 0 0 0 0 0 0 0 0 0 0 0 0 0 0 0 0 0 0 0 0 0 0 0 0 0 0 0 0 0 0 0 0 0 0 0 0 0 1 0 0 0 0 0 0 0 0 0 0 0 0 0 0 0 0 0 0 0 0 0 0 0 0 0 0 0 0 0 0 0 0 0 0 0 0 0 0 0 0 0 0 0 0 0 0 0 0 0
sat 16 0 0 0 0 0 0 0 0 0 0 0 0 0 0 0 0 0 0 0 0 0 0 0 0 0 0 0 0 0 0 0 0 0 0 0 0 0 0 0 0 0 0 0 0 0 0 0 0 0 0 0 0 0 0 0 0 0 0 0 0 0 0 0 0 0 0 0 0 0 0 0 0 0 0 0 0 0 0 0 0 0 0 0 0 0 0 0 0 0 0 0 0 0 0 0 0 0 0 0 0 0 0 0 0 0 0 0 0 0 0 0 0 0 0 0 0 0 0 0 0 0 0 0 0 0 0 0 0 0 0 0 0 0 0 0 0 0 0 0 0 0 0 0 0 0 0 0 0 0 0 0 0 0 0 0 0 0 0 0 0 0 0 0 4 0 0 0 0 0 0 0 0 0 0 0 0 0 0 0 0 0 0 0 0 0 0 0 0 0 0 0 0 0 0 0 0 0 0 0 0 0 0 0 0 0 0 0 0 0 0 0 0 0
sat 17 0 0 0 0 0 0 0 0 0 0 0 0 0 0 0 0 0 0 0 0 0 0 0 0 0 0 0 0 0 0 0 0 0 0 0 0 0 0 0 0 0 0 0 0 0 0 0 0 0 0 0 0 0 0 0 0 0 0 0 0 0 0 0 0 0 0 0 0 0 0 0 0 0 0 0 0 0 0 0 0 0 0 0 0 0 0 0 0 0 0 0 0 0 0 0 0 0 0 0 0 0 2 4 0 0 0 0 0 0 0 0 0 0 0 0 0 0 0 3 14 0 0 0 0 0 0 0 0 0 0 0 0 0 0 0 0 0 0 0 0 0 0 0 0 0 0 0 0 0 0 0 0 0 0 0 0 0 0 5 0 0 0 0 0 0 0 0 0 0 0 0 0 0 0 0 0 0 0 0 0 0 0 0 0 0 0 0 0 0 0 0 0 0 0 0 0 0 0 0 0 0 0 0 0 0 0 0 0 0 0 0 1 0
sat 18 0 0 7 4 4 0 0 0 1 6 8 0 0 0 0 0 0 0 0 0 0 0 0 6 0 0 0 0 0 0 0 0 0 0 0 3 7 18 0 0 12 29 44 20 21 22 20 4 6 5 7 4 4 5 3 3 0 4 7 0 3 0 3 0 0 0 0 21 17 18 22 0 0 0 0 0 0 0 0 2 0 2 2 10 2 0 5 5 4 0 0 26 19 24 40 6 15 16 0 4 6 1 9 0 0 6 4 4 3 0 0 0 0 0 0 0 0 0 1 1 0 0 0 0 0 0 0 0 0 0 0 0 0 0 0 0 0 0 0 0 0 0 0 4 6 0 0 0 0 0 0 0 0 0 0 0 0 0 2 20 0 0 20 13 0 0 0 0 0 0 0 0 0 0 0 0 0 0 0 0 0 0 0 0 0 0 0 0 0 0 0 0 0 0 0 0 0 0 0 0 0 0 0 0 0 0 0 0 0 4 0 1 0
sat 19 3 0 2 3 6 9 9 5 2 2 2 0 0 0 0 0 3 0 0 2 5 0 0 4 0 0 0 0 0 0 0 0 0 0 0 3 9 12 8 0 9 3 25 12 14 9 8 2 2 3 2 2 2 4 5 5 0 5 9 0 4 0 3 1 0 0 0 10 10 11 12 2 0 0 0 0 5 0 6 8 6 4 1 3 0 3 4 2 4 1 0 10 8 8 8 5 5 6 1 4 4 1 5 0 0 20 8 7 5 0 10 6 5 5 3 3 0 0 2 7 4 3 4 0 3 4 4 2 5 31 15 18 14 18 25 14 0 8 12 8 7 3 3 4 4 0 0 1 3 5 3 3 4 2 0 0 0 0 3 6 1 0 6 0 0 0 0 0 0 0 0 0 0 0 0 0 0 0 0 0 0 0 0 0 0 0 0 0 0 0 0 0 0 0 0 0 0 0 0 0 0 0 0 0 0 0 0 0 0 6 0 1 0
sat 20 2 0 1 1 1 0 0 0 1 1 1 0 0 0 0 0 1 0 0 1 0 0 0 1 0 0 0 0 0 0 0 0 0 0 0 2 0 0 4 0 2 58 24 0 0 0 0 1 1 1 1 1 1 1 1 1 0 2 3 0 1 0 2 1 0 0 0 0 0 0 0 0 0 0 0 0 1 0 1 0 1 4 0 0 0 0 0 0 0 0 0 0 0 0 0 0 0 0 0 0 0 0 0 0 0 0 0 0 0 0 0 0 0 0 0 0 0 0 0 0 0 0 0 0 0 0 0 0 0 0 0 0 0 0 1 1 0 0 0 0 0 0 0 3 0 0 0 0 0 0 0 0 0 0 0 0 0 0 0 0 1 0 0 0 0 0 0 0 0 0 0 0 0 0 0 0 0 0 0 0 0 0 0 0 0 1 0 0 1 1 0 0 0 0 0 0 0 2 0 0 0 0 0 0 0 0 0 0 0 0 0 0 0
sat 21 4 0 4 4 3 0 0 0 3 3 5 0 0 0 0 0 4 0 1 3 0 0 0 4 0 0 0 0 0 0 0 0 2 0 0 6 0 0 0 2 9 27 10 0 0 0 0 3 3 3 5 3 3 5 4 4 0 4 6 0 3 0 4 2 0 0 0 0 0 0 0 0 0 0 0 0 4 0 3 8 6 5 3 0 0 0 0 0 0 0 2 0 0 0 0 0 0 0 0 2 3 1 2 0 0 23 6 2 3 0 9 8 8 8 0 0 0 0 0 0 0 0 0 0 0 0 0 0 0 0 0 0 0 0 0 0 0 9 19 12 7 0 0 5 0 0 0 0 0 0 0 0 0 0 0 0 0 0 0 1 0 0 0 0 0 0 0 0 0 0 0 0 0 0 0 0 0 0 0 2 4 4 4 4 4 10 0 0 9 9 8 3 0 0 0 0 12 20 0 0 0 9 5 4 4 4 2 0 0 8 0 0 0
sat 22 2 0 8 9 9 4 4 4 2 3 4 0 0 0 0 0 1 0 9 1 3 4 5 3 7 1 2 0 0 0 2 0 6 0 0 0 0 0 0 10 13 57 29 0 0 0 0 7 8 8 7 5 6 7 6 5 0 4 7 0 7 0 4 0 0 0 0 0 0 0 0 0 0 0 0 0 1 0 4 0 1 2 3 0 0 0 1 0 0 0 9 0 0 0 0 0 0 0 0 1 2 0 3 0 0 5 1 5 0 1 0 2 4 1 4 4 3 2 0 0 3 3 3 0 0 0 0 0 0 0 0 0 0 0 0 0 0 0 0 0 0 0 0 5 0 0 0 0 0 0 0 0 0 0 4 0 0 0 0 0 0 0 0 0 0 0 0 0 0 0 0 0 0 0 0 0 0 0 0 2 2 3 4 3 4 7 0 0 8 8 3 1 0 0 0 0 6 22 0 0 0 6 4 4 2 3 2 0 0 4 0 0 0
sat 23 82 31 109 138 91 60 45 42 100 165 240 36 40 48 36 26 76 23 30 70 65 62 51 77 59 28 40 0 0 11 32 0 21 0 0 21 21 52 21 21 140 300 106 40 30 31 35 85 91 88 87 76 89 96 82 67 0 60 101 0 80 0 52 4 1 5 0 47 32 38 36 1 0 0 0 0 69 0 67 25 26 42 18 16 0 0 13 6 7 7 17 4 32 5 13 15 16 19 2 38 34 37 23 31 0 75 43 47 24 25 40 42 50 58 45 43 29 22 46 19 40 45 46 0 13 5 7 6 17 6 20 19 19 27 39 13 79 38 49 25 31 29 23 52 9 17 27 24 32 40 32 28 36 35 42 0 17 22 61 55 16 0 774 97 1 1 6 0 4 6 9 18 28 22 28 22 11 13 11 43 52 44 44 50 72 136 0 0 80 79 56 41 19 28 0 15 40 64 0 2 0 25 59 54 36 60 62 63 4 82 1 3 12
sun 00 18 9 15 14 12 9 6 8 10 16 10 2 1 1 1 2 9 2 13 6 24 79 37 9 35 6 15 0 0 0 7 0 2 1 0 4 13 8 0 10 11 19 0 14 5 5 4 8 12 13 13 12 12 15 10 12 0 7 10 0 15 0 5 0 0 2 0 10 7 8 28 0 0 0 0 0 14 19 19 3 1 7 1 2 0 0 3 2 5 2 10 2 7 33 3 8 6 4 0 0 0 6 1 7 0 0 0 0 0 0 0 0 0 0 0 0 0 0 5 8 5 9 3 0 0 0 0 0 0 0 0 0 0 0 0 0 0 0 0 0 0 0 0 10 5 0 0 0 0 0 0 0 0 0 0 0 6 8 10 0 0 0 108 9 0 0 0 0 4 3 2 2 3 2 3 0 2 35 12 14 14 4 7 12 11 21 0 0 11 7 8 3 0 0 0 0 4 11 0 0 0 8 3 8 6 5 5 7 0 0 0 2 2
sun 01 9 4 4 2 2 0 0 0 4 3 3 2 2 1 2 1 8 1 2 3 0 0 0 3 2 0 0 0 0 0 0 0 0 0 0 0 1 1 0 2 2 0 0 2 2 2 2 2 3 4 2 3 4 2 2 3 0 2 2 0 3 0 1 1 0 1 0 2 2 2 2 0 0 0 0 0 7 0 9 9 2 3 0 0 0 0 0 0 0 0 0 0 1 0 0 0 2 1 0 0 0 2 0 1 0 4 0 0 0 2 0 2 3 2 4 2 3 3 1 5 3 2 2 0 0 0 0 0 0 0 0 0 0 0 0 0 0 0 0 0 0 0 0 2 0 0 0 0 0 0 0 0 0 0 3 0 5 6 4 0 0 0 16 2 0 0 0 0 0 0 0 0 0 0 1 0 6 298 96 22 16 5 27 39 24 45 0 0 18 11 3 3 0 0 0 0 2 10 0 0 0 7 8 8 6 8 7 0 0 3 0 0 0
sun 02 14 0 15 11 9 7 7 5 10 9 10 2 1 1 1 2 10 1 8 10 5 6 8 10 11 0 3 0 0 0 0 0 3 0 0 0 7 9 8 7 16 27 15 16 7 10 9 15 11 14 13 14 16 16 16 11 14 11 12 0 15 0 0 0 1 0 0 9 6 7 11 0 0 0 0 0 12 0 15 2 2 0 4 3 0 0 15 8 6 2 6 8 7 5 7 11 10 7 0 5 5 0 6 0 0 12 4 5 2 7 6 5 8 11 11 8 10 9 0 0 10 11 8 0 7 8 7 10 38 21 20 14 22 5 4 3 0 5 6 5 4 19 8 0 12 0 0 0 3 4 4 3 4 4 10 0 0 0 0 5 0 0 33 4 3 0 0 0 0 0 0 0 0 1 9 8 15 14 12 54 31 16 19 20 25 29 0 0 16 16 3 10 0 0 0 0 0 15 0 0 0 15 22 18 15 19 23 2 0 6 0 0 0
sun 03 33 2 15 15 11 2 5 9 26 22 10 1 1 2 1 2 26 4 14 25 4 4 3 10 42 16 43 0 0 0 29 0 5 0 0 12 17 15 9 10 11 8 14 21 7 4 4 11 9 18 11 14 14 16 11 12 20 14 20 1 37 0 4 2 0 8 0 24 12 8 16 0 0 0 0 0 35 0 44 11 22 12 8 1 1 0 0 0 0 0 10 0 6 0 0 0 3 2 0 2 3 7 4 8 0 14 4 1 2 17 13 4 7 8 18 17 39 14 10 0 28 19 19 0 2 2 2 2 1 2 1 2 11 10 11 6 0 9 11 11 9 5 2 11 0 0 0 0 2 2 1 2 2 2 31 0 0 0 9 3 6 0 104 5 1 0 1 3 3 2 4 3 3 4 1 2 3 31 27 38 22 17 18 19 26 59 0 0 34 35 17 15 0 0 0 0 1 34 0 0 0 15 25 23 21 25 28 2 5 10 3 1 4
sun 04 9 3 4 4 4 0 0 0 5 6 6 4 3 2 2 3 9 2 8 4 0 0 0 3 13 4 10 0 0 0 7 0 3 0 0 4 0 0 0 7 12 11 5 0 0 0 0 2 3 4 4 4 4 4 4 3 0 6 11 0 4 0 4 0 2 0 0 0 0 0 0 0 0 0 0 0 9 0 12 4 2 5 1 0 0 0 0 0 0 0 7 0 0 0 0 0 0 0 1 1 1 1 1 1 0 15 1 0 0 8 0 4 14 9 10 8 7 14 1 2 8 10 7 0 0 0 0 0 0 0 0 0 0 0 0 0 0 0 0 0 0 0 0 2 0 0 0 0 0 0 0 0 0 0 10 0 2 2 2 0 0 0 0 0 1 0 1 0 0 0 0 0 0 0 1 2 1 1 1 9 13 10 10 12 14 24 0 0 18 13 4 1 0 0 0 0 4 17 0 0 0 33 18 15 12 14 19 0 0 10 0 1 0
sun 05 4 0 3 2 3 0 0 0 2 3 4 0 0 0 0 0 4 0 0 3 0 0 0 3 14 0 12 0 0 0 0 0 0 0 0 3 0 0 0 0 11 12 0 0 0 0 0 3 6 3 2 3 2 3 2 2 0 3 6 0 4 0 4 1 0 0 0 0 0 0 0 0 0 0 0 0 2 0 4 0 1 5 1 3 1 2 1 0 0 0 0 0 0 0 0 0 0 0 0 1 1 2 2 4 0 1 1 3 0 1 0 1 1 1 2 1 1 1 4 0 2 1 1 0 0 0 0 0 0 0 0 0 0 0 0 0 0 0 0 0 0 0 0 6 0 0 0 0 0 0 0 0 0 0 2 0 0 0 4 0 0 0 0 1 0 0 0 0 0 0 0 0 8 4 0 0 0 0 0 3 5 6 5 6 7 10 0 0 3 3 1 0 0 0 0 0 0 1 0 0 0 1 5 5 4 5 4 0 0 1 0 0 0
sun 06 7 0 9 11 8 4 4 3 6 4 5 0 0 0 0 0 4 0 5 6 7 8 7 5 12 9 10 0 0 0 21 1 0 0 0 1 0 0 0 4 13 17 7 0 0 0 0 6 7 8 8 8 8 10 10 7 0 7 10 0 10 0 3 0 0 0 0 0 0 0 0 0 0 0 0 0 6 0 4 9 2 4 0 1 1 3 0 0 0 0 4 0 0 0 0 0 0 0 0 0 0 5 0 3 0 0 0 0 0 0 0 0 0 0 0 0 0 0 5 0 0 0 0 0 0 0 0 0 0 0 0 0 0 0 0 0 0 0 0 0 0 0 0 7 0 0 0 0 0 0 0 0 0 0 0 0 0 0 6 7 0 0 0 0 0 0 1 0 0 0 0 0 11 18 14 7 15 16 9 19 17 14 6 8 8 10 0 0 2 1 0 0 0 0 0 0 0 0 0 0 0 0 17 16 5 7 9 0 0 0 0 1 0
sun 07 6 0 2 1 1 0 0 0 5 3 1 0 0 0 0 0 5 0 22 6 0 0 0 2 12 4 7 0 0 0 5 0 3 0 0 3 0 0 0 6 6 21 0 0 0 0 0 2 2 1 3 2 1 2 1 2 0 0 4 0 2 0 6 1 0 1 0 0 0 0 0 0 0 0 0 0 4 0 3 6 1 8 0 0 0 0 2 0 0 0 2 0 0 0 0 0 0 0 0 3 1 0 2 1 0 2 1 2 2 3 0 3 2 2 0 0 2 3 0 0 0 0 0 0 2 0 0 0 0 0 0 0 0 0 0 0 0 0 0 0 0 2 4 2 0 0 0 1 2 2 2 2 3 2 2 0 0 0 0 0 0 0 0 0 1 0 1 0 0 0 0 0 0 1 1 1 0 0 0 4 8 6 6 8 10 10 0 0 2 2 3 0 0 0 0 0 0 0 0 0 0 0 11 8 6 12 19 0 0 3 0 1 0
sun 08 0 0 0 0 0 0 0 0 0 0 0 0 0 0 0 0 0 0 0 0 0 0 0 0 0 0 0 0 0 0 0 0 0 0 0 0 0 0 0 0 0 0 0 0 0 0 0 0 0 0 0 0 0 0 0 0 0 0 0 0 0 0 0 0 0 0 0 0 0 0 0 0 0 0 0 0 0 0 0 0 0 0 0 0 0 0 0 0 0 0 0 0 0 0 0 0 0 0 0 0 0 0 0 0 0 0 0 0 0 0 0 0 0 0 0 0 0 0 0 0 0 0 0 0 0 0 0 0 0 0 0 0 0 0 0 0 0 0 0 0 0 0 0 0 0 0 0 0 0 0 0 0 0 0 0 0 0 0 0 0 0 0 0 0 0 0 0 0 0 0 0 0 0 0 0 0 0 0 0 0 0 0 0 0 0 0 0 0 0 0 0 0 0 0 0 0 0 0 0 0 0 0 0 0 0 0 0 0 0 0 0 0 0
sun 09 0 2 0 0 0 0 0 0 2 2 0 0 0 0 0 0 1 0 0 1 0 0 0 0 1 1 2 0 0 0 2 0 0 0 0 3 0 0 0 0 5 4 0 0 0 0 0 0 0 0 0 0 0 0 0 0 0 2 5 0 0 0 4 0 0 0 0 0 0 0 0 0 0 0 0 0 0 0 0 10 4 4 2 0 3 0 0 0 0 0 0 0 0 0 0 0 0 0 0 4 3 8 4 7 0 7 4 4 3 4 0 2 3 3 0 0 5 4 10 1 0 0 0 0 3 0 0 0 0 0 0 0 0 0 0 0 0 0 0 0 0 4 11 4 0 0 0 0 4 5 4 4 5 4 5 0 2 2 11 0 0 0 0 0 0 0 0 0 0 0 0 0 0 0 0 0 0 0 0 0 0 0 0 0 0 0 0 0 0 0 0 0 0 0 0 0 0 0 0 0 0 0 0 0 0 0 0 0 0 5 0 0 0
sun 10 0 0 0 0 0 0 0 0 0 0 0 0 0 0 0 0 0 0 0 0 0 0 0 0 0 0 0 0 0 0 0 0 0 0 0 0 0 0 0 0 0 0 0 0 0 0 0 0 0 0 0 0 0 0 0 0 0 0 0 0 0 0 0 0 0 0 0 0 0 0 0 0 0 0 0 0 0 0 0 0 0 0 0 0 0 0 0 0 0 0 0 0 0 0 0 0 0 0 0 0 0 0 0 0 0 0 0 0 0 0 0 0 0 0 0 0 0 0 0 0 0 0 0 0 0 0 0 0 0 0 0 0 0 0 0 0 0 0 0 0 0 0 0 0 0 0 0 0 0 0 0 0 0 0 0 0 0 0 0 0 0 0 0 1 0 0 0 0 0 0 0 0 0 0 0 0 0 0 0 0 0 0 0 0 0 0 0 0 0 0 0 0 0 0 0 0 0 0 0 0 0 0 0 0 0 0 0 0 0 0 0 0 0
sun 11 0 0 0 0 0 0 0 0 0 0 0 0 0 0 0 0 0 0 0 0 0 0 0 0 0 0 0 0 0 0 0 0 0 0 0 0 0 0 0 0 0 0 0 0 0 0 0 0 0 0 0 0 0 0 0 0 0 0 0 0 0 0 0 0 0 0 0 0 0 0 0 0 0 0 0 0 0 0 0 4 5 0 2 0 0 0 2 0 0 0 0 0 0 0 0 0 0 0 0 2 2 0 3 0 0 4 3 1 2 1 0 1 2 2 0 0 3 4 0 0 0 0 0 0 0 0 0 0 0 0 0 0 0 0 0 0 0 0 0 0 0 2 3 0 0 0 0 0 2 3 3 2 3 2 4 0 0 0 0 0 0 0 0 0 0 0 0 0 0 0 0 0 0 0 0 0 0 0 0 0 0 0 0 0 0 0 0 0 0 0 0 0 0 0 0 0 0 0 0 0 0 0 0 0 0 0 0 0 0 2 0 0 0
sun 12 0 0 0 0 0 0 0 0 0 0 0 0 0 0 0 0 0 0 0 0 0 0 0 0 0 0 0 0 0 0 0 0 0 0 0 0 0 0 0 0 0 0 0 0 0 0 0 0 0 0 0 0 0 0 0 0 0 0 0 0 0 0 0 0 0 0 0 0 0 0 0 0 0 0 0 0 0 0 0 0 0 0 0 0 0 0 0 0 0 0 0 0 0 0 0 0 0 0 0 0 0 0 0 0 0 0 0 0 0 0 0 0 0 0 0 0 0 0 0 0 0 0 0 0 0 0 0 0 0 0 0 0 0 0 0 0 0 0 0 0 0 0 0 0 0 0 0 0 0 0 0 0 0 0 0 0 0 0 0 0 0 0 0 0 0 0 0 0 0 0 0 0 0 0 0 0 0 0 0 0 0 0 0 0 0 0 0 0 0 0 0 0 0 0 0 0 0 0 0 0 0 0 0 0 0 0 0 0 0 0 0 0 0
sun 13 0 0 0 0 0 0 0 0 0 0 0 0 0 0 0 0 0 0 0 0 0 0 0 0 0 0 0 0 0 0 0 0 0 0 0 0 0 0 0 0 0 0 0 0 0 0 0 0 0 0 0 0 0 0 0 0 0 0 0 0 0 0 0 0 0 0 0 0 0 0 0 0 0 0 0 0 0 0 0 0 0 0 0 0 0 0 0 0 0 0 0 0 0 0 0 0 0 0 0 0 0 0 0 0 0 0 0 0 0 0 0 0 0 0 0 0 0 0 0 0 0 0 0 0 0 0 0 0 0 0 0 0 0 0 0 0 0 0 0 0 0 0 0 0 0 0 0 0 0 0 0 0 0 0 0 0 0 0 0 0 0 0 0 0 0 0 0 0 0 0 0 0 0 0 0 0 0 0 0 0 0 0 0 0 0 0 0 0 0 0 0 0 0 0 0 0 0 0 0 0 0 0 0 0 0 0 0 0 0 0 0 0 0
sun 14 0 0 0 0 0 0 0 0 0 0 0 0 0 0 0 0 0 0 0 0 0 0 0 0 0 0 0 0 0 0 0 0 0 0 0 0 0 0 0 0 0 0 0 0 0 0 0 0 0 0 0 0 0 0 0 0 0 0 0 0 0 0 0 0 0 0 0 0 0 0 0 0 0 0 0 0 0 0 0 0 0 0 0 0 0 0 0 0 0 0 0 0 0 0 0 0 0 0 0 0 0 0 0 0 0 0 0 0 0 0 0 0 0 0 0 0 0 0 0 0 0 0 0 0 0 0 0 0 0 0 0 0 0 0 0 0 0 0 0 0 0 0 0 0 0 0 0 0 0 0 0 0 0 0 0 0 0 0 0 0 0 0 0 0 0 0 0 0 0 0 0 0 0 0 0 0 0 0 0 0 0 0 0 0 0 0 0 0 0 0 0 0 0 0 0 0 0 0 0 0 0 0 0 0 0 0 0 0 0 0 0 0 0
sun 15 0 0 0 0 0 0 0 0 0 0 0 0 0 0 0 0 0 0 0 0 0 0 0 0 0 0 0 0 0 0 0 0 0 0 0 0 0 0 0 0 0 0 0 0 0 0 0 0 0 0 0 0 0 0 0 0 0 0 0 0 0 0 0 0 0 0 0 0 0 0 0 0 0 0 0 0 0 0 0 0 0 0 0 0 0 0 0 0 0 0 0 0 0 0 0 0 0 0 0 0 0 0 0 0 0 0 0 0 0 0 0 0 0 0 0 0 0 0 0 0 0 0 0 0 0 0 0 0 0 0 0 0 0 0 0 0 0 0 0 0 0 0 0 0 0 0 0 0 0 0 0 0 0 0 0 0 0 0 0 0 0 0 0 0 0 0 0 0 0 0 0 0 0 0 0 0 0 0 0 0 0 0 0 0 0 0 0 0 0 0 0 0 0 0 0 0 0 0 0 0 0 0 0 0 0 0 0 0 0 0 0 0 0
sun 16 0 0 0 0 0 0 0 0 0 0 0 0 0 0 0 0 0 0 0 0 0 0 0 0 0 0 0 0 0 0 0 0 0 0 0 0 0 0 0 0 0 0 0 0 0 0 0 0 0 0 0 0 0 0 0 0 0 0 0 0 0 0 0 0 0 0 0 0 0 0 0 0 0 0 0 0 0 0 0 0 0 0 0 0 0 0 0 0 0 0 0 0 0 0 0 0 0 0 0 0 0 0 0 0 0 0 0 0 0 0 0 0 0 0 0 0 0 0 0 0 0 0 0 0 0 0 0 0 0 0 0 0 0 0 0 0 0 0 0 0 0 0 0 0 0 0 0 0 0 0 0 0 0 0 0 0 0 0 0 0 0 0 0 0 0 0 0 0 0 0 0 0 0 0 0 0 0 0 0 0 0 0 0 0 0 0 0 0 0 0 0 0 0 0 0 0 0 0 0 0 0 0 0 0 0 0 0 0 0 0 0 0 0
sun 17 0 0 5 4 4 4 5 4 0 0 0 0 0 0 0 0 0 0 0 0 7 48 28 0 15 20 29 0 0 0 18 0 0 0 0 3 1 2 0 0 10 44 7 4 3 3 4 3 4 4 4 5 5 4 4 3 0 3 7 0 5 0 5 1 0 0 0 3 2 4 3 0 0 0 0 0 0 0 0 2 0 9 0 0 0 0 0 0 0 0 0 3 3 2 4 0 2 2 0 2 2 0 1 0 0 1 2 2 2 0 0 0 0 0 0 0 0 0 0 0 0 0 0 0 0 0 0 0 0 0 0 0 0 0 0 0 0 0 0 0 0 0 0 4 0 0 0 0 0 0 0 0 0 0 0 0 0 0 0 2 0 0 0 0 0 0 0 0 0 0 0 0 0 0 0 0 0 0 0 0 0 0 0 0 0 0 0 0 0 0 0 0 0 0 0 0 0 0 0 0 0 0 0 0 0 0 0 0 0 2 0 1 0
sun 18 41 31 40 41 36 10 14 16 22 27 34 3 2 2 2 1 31 4 2 26 18 129 49 28 33 41 54 31 0 35 1 0 0 10 0 38 75 73 7 2 111 156 51 155 75 66 88 31 31 38 38 37 38 40 35 37 0 49 81 20 45 0 57 9 1 9 0 82 71 67 87 0 9 2 0 0 36 8 46 47 18 42 4 6 0 10 24 21 19 10 2 55 45 59 70 24 54 33 0 3 3 4 2 5 0 2 3 5 2 1 0 0 0 0 12 13 3 4 4 4 8 11 10 0 0 0 0 0 0 0 0 0 0 0 0 0 0 0 0 0 0 0 0 21 5 0 15 14 1 15 11 12 12 19 4 0 2 2 4 20 2 0 3 0 0 0 0 0 0 0 0 0 0 0 0 0 0 0 0 22 26 24 26 29 33 97 0 0 186 54 7 2 0 0 0 0 2 4 0 0 0 4 29 14 0 3 2 0 0 3 0 0 0
sun 19 28 13 49 42 36 30 33 47 24 22 17 21 16 13 11 14 24 13 0 20 181 93 106 17 66 61 83 10 14 5 16 4 0 9 0 10 42 127 20 0 104 235 21 50 28 28 36 23 23 37 25 32 36 41 49 31 0 34 47 0 42 0 15 6 0 12 0 122 60 59 61 0 23 4 0 0 29 23 34 27 6 42 0 1 0 15 53 29 33 46 0 69 100 41 28 32 63 30 0 4 1 4 0 1 0 1 2 5 0 0 2 14 13 9 17 13 4 0 0 0 19 18 14 0 9 13 14 7 9 3 10 7 2 6 3 0 0 9 5 15 3 7 6 7 71 0 0 0 7 13 12 6 12 12 1 0 0 0 0 0 8 0 143 45 0 0 1 0 0 1 2 1 2 2 2 3 1 2 1 35 54 37 46 64 67 52 0 0 69 22 1 0 0 0 0 0 0 0 0 0 0 0 32 10 2 3 4 0 0 3 0 0 1
sun 20 23 0 48 46 46 44 42 42 18 15 15 10 19 9 2 2 18 2 0 20 103 231 100 12 71 9 12 0 0 0 13 0 0 0 0 129 12 42 4 0 228 166 18 24 18 18 15 33 42 49 45 47 47 43 41 52 45 142 290 25 104 0 119 55 0 37 8 26 18 18 26 0 1 1 0 0 20 0 14 53 16 36 13 8 5 12 0 0 0 0 0 1 30 0 0 0 20 15 0 4 5 13 9 24 0 38 9 1 1 9 14 4 10 12 10 10 9 7 10 2 8 9 9 0 0 0 0 0 0 0 0 0 0 0 0 0 227 10 0 6 8 0 0 36 0 46 0 0 0 0 0 0 0 0 14 0 0 0 10 0 2 0 221 51 0 0 0 0 0 0 0 0 0 0 0 0 0 0 0 2 7 4 4 3 4 17 0 0 107 15 0 2 0 0 0 0 0 0 0 0 0 0 6 0 0 0 0 0 0 28 0 0 0
sun 21 29 15 40 42 49 44 45 53 28 48 50 14 28 35 46 43 39 45 0 49 138 152 93 37 84 21 31 0 5 0 22 5 0 0 0 13 75 94 0 0 102 52 10 58 34 23 31 31 46 41 38 33 38 39 42 62 0 36 80 8 42 0 10 6 0 2 0 123 112 85 66 0 40 12 9 23 30 0 22 7 5 7 5 4 3 3 19 19 18 16 0 32 63 28 19 18 27 20 0 0 0 3 1 7 0 7 2 0 0 41 53 66 56 46 30 36 26 32 4 1 17 14 25 0 18 28 22 36 29 16 21 43 41 28 18 5 17 38 19 40 41 9 18 10 46 2 6 12 19 23 19 28 34 24 31 0 4 5 6 4 0 0 127 93 0 0 0 0 0 0 0 0 0 0 0 0 0 0 0 0 0 0 0 0 0 0 0 0 0 0 0 0 0 0 0 0 0 0 0 0 0 0 0 0 0 0 0 0 0 37 0 0 0
sun 22 14 9 32 35 37 22 22 26 18 36 33 2 2 1 2 2 18 1 18 16 102 155 115 19 68 81 72 0 0 0 187 0 12 0 0 21 4 20 0 10 60 137 0 7 6 8 6 23 30 33 47 36 32 26 20 23 0 18 33 0 30 0 27 6 0 1 0 11 6 5 6 0 0 0 0 0 14 0 10 93 81 85 51 23 35 45 1 0 0 0 11 0 5 0 0 0 4 4 0 32 55 132 103 147 0 34 39 22 16 5 20 15 13 16 2 2 3 4 84 91 2 2 2 0 0 0 0 0 0 0 4 4 6 10 8 5 22 6 5 6 10 0 0 90 0 0 0 0 0 0 0 0 0 0 3 0 23 35 88 0 0 0 32 7 0 0 0 0 0 0 0 0 0 0 4 6 6 6 5 21 29 44 24 39 51 81 0 0 66 65 25 56 5 18 0 11 6 66 0 0 0 25 28 20 2 2 0 5 2 30 6 0 0
sun 23 41 9 33 31 25 15 16 21 19 18 11 58 21 12 15 13 30 14 17 19 51 60 110 11 137 16 24 0 0 5 23 0 5 5 0 25 8 30 0 19 65 88 23 21 12 12 14 21 28 31 22 26 24 22 22 20 0 18 36 0 33 0 33 7 0 5 0 28 15 16 18 0 0 0 0 0 39 14 38 60 33 43 19 1 7 15 1 0 0 0 7 1 14 0 0 0 11 5 0 3 3 22 12 24 0 5 3 1 2 0 2 5 5 4 0 0 0 0 31 14 0 0 0 0 0 0 0 0 0 0 2 1 2 2 2 0 13 3 1 2 5 0 0 30 0 0 0 0 0 0 0 0 0 0 0 0 15 16 39 1 0 0 127 22 0 0 0 0 0 0 0 0 0 0 0 0 0 0 0 3 5 4 5 6 13 49 0 0 117 22 4 8 0 5 0 6 3 17 0 0 0 8 9 7 4 6 7 0 0 5 0 0 0
